17	2
1	1
2	1
3	1
4	1
5	1
6	1
7	0
8	1
9	1
10	1
11	1
12	1
13	1
14	1
15	1
16	1
17	0
1	2	121
1	3	34
1	4	108
1	5	28
1	6	118
1	7	20
1	8	125
1	9	27
1	10	99
1	11	32
1	12	72
1	13	84
1	14	80
1	15	131
1	16	99
1	17	111
2	3	88
2	4	9
2	5	72
2	6	109
2	7	9
2	8	60
2	9	88
2	10	30
2	11	23
2	12	37
2	13	65
2	14	82
2	15	37
2	16	58
2	17	34
3	4	67
3	5	7
3	6	28
3	7	80
3	8	117
3	9	113
3	10	52
3	11	94
3	12	81
3	13	110
3	14	58
3	15	103
3	16	46
3	17	63
4	5	90
4	6	104
4	7	66
4	8	62
4	9	20
4	10	61
4	11	78
4	12	24
4	13	51
4	14	42
4	15	81
4	16	113
4	17	37
5	6	108
5	7	33
5	8	18
5	9	115
5	10	126
5	11	62
5	12	88
5	13	57
5	14	66
5	15	136
5	16	96
5	17	37
6	7	45
6	8	120
6	9	86
6	10	85
6	11	71
6	12	58
6	13	87
6	14	40
6	15	47
6	16	127
6	17	14
7	8	114
7	9	133
7	10	17
7	11	27
7	12	59
7	13	19
7	14	95
7	15	47
7	16	130
7	17	127
8	9	53
8	10	71
8	11	136
8	12	24
8	13	99
8	14	3
8	15	103
8	16	37
8	17	57
9	10	4
9	11	120
9	12	23
9	13	79
9	14	70
9	15	34
9	16	106
9	17	120
10	11	26
10	12	4
10	13	75
10	14	72
10	15	10
10	16	61
10	17	125
11	12	94
11	13	81
11	14	119
11	15	2
11	16	3
11	17	116
12	13	116
12	14	124
12	15	126
12	16	48
12	17	47
13	14	64
13	15	31
13	16	4
13	17	104
14	15	39
14	16	87
14	17	122
15	16	54
15	17	114
16	17	27
