50 3
1 1
2 1
3 0
4 0
5 0
6 0
7 1
8 0
9 1
10 0
11 0
12 0
13 1
14 0
15 0
16 1
17 0
18 0
19 0
20 0
21 0
22 0
23 0
24 0
25 1
26 0
27 1
28 0
29 0
30 0
31 1
32 0
33 0
34 0
35 0
36 0
37 0
38 0
39 0
40 0
41 0
42 0
43 0
44 0
45 0
46 0
47 0
48 0
49 0
50 0 
1 2 31 
1 3 9 
1 4 34 
1 5 52 
1 6 59 
1 7 545 
1 8 679 
1 9 641 
1 10 211 
1 11 654 
1 12 331 
1 13 916 
1 14 349 
1 15 625 
1 16 418 
1 17 841 
1 18 313 
1 19 779 
1 20 420 
1 21 904 
1 22 692 
1 23 993 
1 24 657 
1 25 233 
1 26 761 
1 27 331 
1 28 555 
1 29 706 
1 30 999 
1 31 347 
1 32 498 
1 33 951 
1 34 371 
1 35 366 
1 36 927 
1 37 256 
1 38 707 
1 39 596 
1 40 916 
1 41 982 
1 42 930 
1 43 909 
1 44 956 
1 45 935 
1 46 907 
1 47 961 
1 48 927 
1 49 976 
1 50 913 
2 3 352 
2 4 792 
2 5 550 
2 6 479 
2 7 437 
2 8 619 
2 9 788 
2 10 237 
2 11 975 
2 12 478 
2 13 27 
2 14 329 
2 15 310 
2 16 611 
2 17 251 
2 18 480 
2 19 693 
2 20 593 
2 21 387 
2 22 977 
2 23 278 
2 24 856 
2 25 722 
2 26 395 
2 27 803 
2 28 661 
2 29 529 
2 30 304 
2 31 590 
2 32 18 
2 33 480 
2 34 894 
2 35 403 
2 36 894 
2 37 613 
2 38 764 
2 39 914 
2 40 929 
2 41 910 
2 42 996 
2 43 909 
2 44 932 
2 45 987 
2 46 949 
2 47 975 
2 48 996 
2 49 905 
2 50 980 
3 4 987 
3 5 995 
3 6 378 
3 7 243 
3 8 952 
3 9 998 
3 10 836 
3 11 352 
3 12 290 
3 13 868 
3 14 459 
3 15 482 
3 16 268 
3 17 314 
3 18 373 
3 19 767 
3 20 792 
3 21 644 
3 22 229 
3 23 404 
3 24 614 
3 25 447 
3 26 905 
3 27 400 
3 28 317 
3 29 735 
3 30 581 
3 31 438 
3 32 633 
3 33 847 
3 34 291 
3 35 688 
3 36 538 
3 37 844 
3 38 823 
3 39 531 
3 40 981 
3 41 993 
3 42 984 
3 43 964 
3 44 920 
3 45 960 
3 46 959 
3 47 973 
3 48 974 
3 49 930 
3 50 962 
4 5 424 
4 6 639 
4 7 915 
4 8 760 
4 9 424 
4 10 639 
4 11 208 
4 12 980 
4 13 640 
4 14 611 
4 15 631 
4 16 411 
4 17 202 
4 18 648 
4 19 594 
4 20 441 
4 21 347 
4 22 935 
4 23 726 
4 24 653 
4 25 336 
4 26 307 
4 27 653 
4 28 644 
4 29 796 
4 30 725 
4 31 709 
4 32 952 
4 33 596 
4 34 264 
4 35 794 
4 36 941 
4 37 727 
4 38 404 
4 39 612 
4 40 964 
4 41 900 
4 42 912 
4 43 969 
4 44 928 
4 45 952 
4 46 952 
4 47 905 
4 48 902 
4 49 904 
4 50 911 
5 6 391 
5 7 959 
5 8 938 
5 9 289 
5 10 428 
5 11 584 
5 12 932 
5 13 224 
5 14 286 
5 15 675 
5 16 795 
5 17 370 
5 18 404 
5 19 217 
5 20 421 
5 21 305 
5 22 445 
5 23 512 
5 24 244 
5 25 494 
5 26 532 
5 27 352 
5 28 336 
5 29 283 
5 30 610 
5 31 866 
5 32 367 
5 33 253 
5 34 407 
5 35 892 
5 36 378 
5 37 687 
5 38 646 
5 39 543 
5 40 955 
5 41 926 
5 42 906 
5 43 909 
5 44 993 
5 45 984 
5 46 928 
5 47 902 
5 48 970 
5 49 985 
5 50 906 
6 7 384 
6 8 311 
6 9 259 
6 10 765 
6 11 406 
6 12 617 
6 13 990 
6 14 283 
6 15 981 
6 16 285 
6 17 764 
6 18 571 
6 19 818 
6 20 914 
6 21 889 
6 22 582 
6 23 699 
6 24 799 
6 25 288 
6 26 827 
6 27 951 
6 28 541 
6 29 390 
6 30 922 
6 31 635 
6 32 534 
6 33 970 
6 34 303 
6 35 971 
6 36 364 
6 37 845 
6 38 800 
6 39 758 
6 40 969 
6 41 933 
6 42 967 
6 43 953 
6 44 927 
6 45 968 
6 46 971 
6 47 946 
6 48 928 
6 49 908 
6 50 935 
7 8 28 
7 9 32 
7 10 31 
7 11 56 
7 12 71 
7 13 13 
7 14 78 
7 15 20 
7 16 457 
7 17 945 
7 18 469 
7 19 848 
7 20 970 
7 21 884 
7 22 938 
7 23 271 
7 24 651 
7 25 969 
7 26 566 
7 27 293 
7 28 560 
7 29 890 
7 30 888 
7 31 256 
7 32 345 
7 33 575 
7 34 903 
7 35 226 
7 36 675 
7 37 316 
7 38 278 
7 39 545 
7 40 940 
7 41 84 
7 42 984 
7 43 918 
7 44 921 
7 45 917 
7 46 93 
7 47 984 
7 48 944 
7 49 911 
7 50 954 
8 9 990 
8 10 318 
8 11 969 
8 12 670 
8 13 594 
8 14 277 
8 15 922 
8 16 583 
8 17 464 
8 18 207 
8 19 906 
8 20 491 
8 21 539 
8 22 919 
8 23 457 
8 24 928 
8 25 659 
8 26 306 
8 27 355 
8 28 727 
8 29 645 
8 30 342 
8 31 944 
8 32 666 
8 33 755 
8 34 296 
8 35 346 
8 36 938 
8 37 740 
8 38 604 
8 39 653 
8 40 961 
8 41 965 
8 42 980 
8 43 955 
8 44 941 
8 45 962 
8 46 922 
8 47 994 
8 48 967 
8 49 958 
8 50 946 
9 10 347 
9 11 716 
9 12 811 
9 13 384 
9 14 620 
9 15 730 
9 16 212 
9 17 646 
9 18 808 
9 19 676 
9 20 467 
9 21 371 
9 22 286 
9 23 979 
9 24 609 
9 25 526 
9 26 353 
9 27 48 
9 28 814 
9 29 945 
9 30 347 
9 31 287 
9 32 966 
9 33 902 
9 34 934 
9 35 385 
9 36 967 
9 37 469 
9 38 718 
9 39 647 
9 40 932 
9 41 956 
9 42 953 
9 43 916 
9 44 966 
9 45 970 
9 46 923 
9 47 909 
9 48 939 
9 49 940 
9 50 949 
10 11 889 
10 12 862 
10 13 471 
10 14 992 
10 15 826 
10 16 521 
10 17 366 
10 18 877 
10 19 252 
10 20 323 
10 21 507 
10 22 755 
10 23 957 
10 24 662 
10 25 584 
10 26 898 
10 27 939 
10 28 457 
10 29 307 
10 30 745 
10 31 531 
10 32 860 
10 33 469 
10 34 725 
10 35 622 
10 36 386 
10 37 816 
10 38 366 
10 39 330 
10 40 914 
10 41 908 
10 42 966 
10 43 987 
10 44 941 
10 45 951 
10 46 969 
10 47 966 
10 48 918 
10 49 956 
10 50 926 
11 12 380 
11 13 731 
11 14 592 
11 15 538 
11 16 890 
11 17 429 
11 18 297 
11 19 541 
11 20 560 
11 21 554 
11 22 919 
11 23 303 
11 24 570 
11 25 848 
11 26 448 
11 27 210 
11 28 303 
11 29 385 
11 30 782 
11 31 634 
11 32 295 
11 33 431 
11 34 273 
11 35 379 
11 36 269 
11 37 905 
11 38 210 
11 39 403 
11 40 985 
11 41 996 
11 42 992 
11 43 905 
11 44 985 
11 45 984 
11 46 946 
11 47 990 
11 48 995 
11 49 927 
11 50 974 
12 13 866 
12 14 551 
12 15 664 
12 16 311 
12 17 599 
12 18 919 
12 19 34 
12 20 669 
12 21 799 
12 22 615 
12 23 293 
12 24 846 
12 25 304 
12 26 952 
12 27 844 
12 28 708 
12 29 493 
12 30 241 
12 31 320 
12 32 774 
12 33 892 
12 34 248 
12 35 439 
12 36 539 
12 37 410 
12 38 978 
12 39 602 
12 40 955 
12 41 927 
12 42 970 
12 43 921 
12 44 953 
12 45 962 
12 46 980 
12 47 953 
12 48 992 
12 49 922 
12 50 961 
13 14 272 
13 15 734 
13 16 666 
13 17 559 
13 18 461 
13 19 366 
13 20 446 
13 21 644 
13 22 472 
13 23 484 
13 24 732 
13 25 571 
13 26 359 
13 27 447 
13 28 959 
13 29 505 
13 30 293 
13 31 297 
13 32 729 
13 33 685 
13 34 556 
13 35 523 
13 36 384 
13 37 640 
13 38 925 
13 39 371 
13 40 951 
13 41 952 
13 42 940 
13 43 906 
13 44 904 
13 45 927 
13 46 983 
13 47 914 
13 48 916 
13 49 937 
13 50 920 
14 15 424 
14 16 960 
14 17 224 
14 18 673 
14 19 324 
14 20 364 
14 21 478 
14 22 756 
14 23 956 
14 24 960 
14 25 351 
14 26 631 
14 27 717 
14 28 830 
14 29 645 
14 30 810 
14 31 900 
14 32 736 
14 33 389 
14 34 690 
14 35 665 
14 36 576 
14 37 425 
14 38 321 
14 39 299 
14 40 958 
14 41 936 
14 42 955 
14 43 964 
14 44 978 
14 45 967 
14 46 936 
14 47 930 
14 48 910 
14 49 931 
14 50 944 
15 16 547 
15 17 358 
15 18 932 
15 19 670 
15 20 201 
15 21 958 
15 22 526 
15 23 439 
15 24 790 
15 25 309 
15 26 295 
15 27 340 
15 28 830 
15 29 596 
15 30 948 
15 31 651 
15 32 690 
15 33 736 
15 34 613 
15 35 233 
15 36 589 
15 37 343 
15 38 993 
15 39 263 
15 40 950 
15 41 981 
15 42 998 
15 43 922 
15 44 954 
15 45 935 
15 46 962 
15 47 953 
15 48 924 
15 49 909 
15 50 990 
16 17 3 
16 18 19 
16 19 84 
16 20 44 
16 21 84 
16 22 12 
16 23 70 
16 24 86 
16 25 413 
16 26 207 
16 27 498 
16 28 972 
16 29 722 
16 30 495 
16 31 720 
16 32 613 
16 33 360 
16 34 299 
16 35 750 
16 36 933 
16 37 436 
16 38 800 
16 39 454 
16 40 921 
16 41 954 
16 42 963 
16 43 945 
16 44 64 
16 45 905 
16 46 903 
16 47 962 
16 48 986 
16 49 978 
16 50 972 
17 18 541 
17 19 624 
17 20 851 
17 21 645 
17 22 761 
17 23 519 
17 24 265 
17 25 631 
17 26 640 
17 27 287 
17 28 486 
17 29 561 
17 30 905 
17 31 905 
17 32 391 
17 33 417 
17 34 925 
17 35 490 
17 36 414 
17 37 437 
17 38 946 
17 39 999 
17 40 914 
17 41 976 
17 42 969 
17 43 905 
17 44 990 
17 45 917 
17 46 992 
17 47 905 
17 48 957 
17 49 995 
17 50 973 
18 19 529 
18 20 685 
18 21 833 
18 22 339 
18 23 274 
18 24 770 
18 25 364 
18 26 312 
18 27 444 
18 28 563 
18 29 689 
18 30 678 
18 31 689 
18 32 787 
18 33 748 
18 34 223 
18 35 758 
18 36 405 
18 37 689 
18 38 478 
18 39 395 
18 40 968 
18 41 948 
18 42 946 
18 43 981 
18 44 922 
18 45 973 
18 46 994 
18 47 964 
18 48 914 
18 49 998 
18 50 985 
19 20 851 
19 21 773 
19 22 267 
19 23 652 
19 24 513 
19 25 767 
19 26 511 
19 27 490 
19 28 372 
19 29 609 
19 30 536 
19 31 615 
19 32 593 
19 33 694 
19 34 252 
19 35 499 
19 36 887 
19 37 714 
19 38 237 
19 39 553 
19 40 934 
19 41 940 
19 42 921 
19 43 970 
19 44 964 
19 45 912 
19 46 908 
19 47 942 
19 48 932 
19 49 912 
19 50 904 
20 21 940 
20 22 653 
20 23 625 
20 24 584 
20 25 585 
20 26 422 
20 27 638 
20 28 882 
20 29 549 
20 30 471 
20 31 711 
20 32 871 
20 33 290 
20 34 532 
20 35 265 
20 36 287 
20 37 761 
20 38 611 
20 39 245 
20 40 925 
20 41 909 
20 42 935 
20 43 995 
20 44 907 
20 45 974 
20 46 931 
20 47 910 
20 48 958 
20 49 942 
20 50 939 
21 22 970 
21 23 262 
21 24 978 
21 25 795 
21 26 744 
21 27 660 
21 28 475 
21 29 827 
21 30 679 
21 31 422 
21 32 729 
21 33 491 
21 34 319 
21 35 522 
21 36 807 
21 37 423 
21 38 943 
21 39 831 
21 40 928 
21 41 923 
21 42 999 
21 43 915 
21 44 980 
21 45 923 
21 46 954 
21 47 953 
21 48 948 
21 49 911 
21 50 926 
22 23 829 
22 24 700 
22 25 214 
22 26 320 
22 27 970 
22 28 723 
22 29 273 
22 30 983 
22 31 208 
22 32 669 
22 33 759 
22 34 355 
22 35 321 
22 36 579 
22 37 438 
22 38 933 
22 39 829 
22 40 942 
22 41 955 
22 42 988 
22 43 997 
22 44 994 
22 45 978 
22 46 939 
22 47 992 
22 48 999 
22 49 940 
22 50 933 
23 24 618 
23 25 876 
23 26 653 
23 27 298 
23 28 713 
23 29 229 
23 30 295 
23 31 975 
23 32 427 
23 33 343 
23 34 325 
23 35 441 
23 36 258 
23 37 895 
23 38 780 
23 39 906 
23 40 969 
23 41 919 
23 42 961 
23 43 950 
23 44 992 
23 45 920 
23 46 925 
23 47 904 
23 48 938 
23 49 995 
23 50 907 
24 25 849 
24 26 793 
24 27 862 
24 28 514 
24 29 504 
24 30 545 
24 31 330 
24 32 815 
24 33 414 
24 34 333 
24 35 597 
24 36 339 
24 37 288 
24 38 231 
24 39 871 
24 40 992 
24 41 998 
24 42 918 
24 43 979 
24 44 926 
24 45 985 
24 46 923 
24 47 950 
24 48 994 
24 49 991 
24 50 925 
25 26 19 
25 27 78 
25 28 80 
25 29 73 
25 30 73 
25 31 731 
25 32 412 
25 33 972 
25 34 853 
25 35 761 
25 36 476 
25 37 454 
25 38 722 
25 39 486 
25 40 970 
25 41 992 
25 42 937 
25 43 79 
25 44 953 
25 45 94 
25 46 970 
25 47 77 
25 48 983 
25 49 78 
25 50 95 
26 27 899 
26 28 489 
26 29 277 
26 30 281 
26 31 665 
26 32 783 
26 33 616 
26 34 421 
26 35 598 
26 36 467 
26 37 726 
26 38 438 
26 39 304 
26 40 927 
26 41 959 
26 42 997 
26 43 938 
26 44 985 
26 45 941 
26 46 987 
26 47 933 
26 48 957 
26 49 996 
26 50 983 
27 28 816 
27 29 562 
27 30 330 
27 31 644 
27 32 472 
27 33 776 
27 34 752 
27 35 806 
27 36 436 
27 37 260 
27 38 546 
27 39 426 
27 40 953 
27 41 906 
27 42 964 
27 43 906 
27 44 991 
27 45 901 
27 46 969 
27 47 984 
27 48 963 
27 49 976 
27 50 956 
28 29 991 
28 30 420 
28 31 705 
28 32 878 
28 33 705 
28 34 382 
28 35 980 
28 36 237 
28 37 619 
28 38 689 
28 39 736 
28 40 964 
28 41 966 
28 42 987 
28 43 931 
28 44 947 
28 45 964 
28 46 942 
28 47 937 
28 48 992 
28 49 958 
28 50 919 
29 30 772 
29 31 503 
29 32 461 
29 33 263 
29 34 930 
29 35 445 
29 36 545 
29 37 288 
29 38 658 
29 39 566 
29 40 963 
29 41 938 
29 42 929 
29 43 995 
29 44 949 
29 45 912 
29 46 945 
29 47 988 
29 48 989 
29 49 958 
29 50 991 
30 31 840 
30 32 890 
30 33 840 
30 34 977 
30 35 755 
30 36 784 
30 37 653 
30 38 758 
30 39 949 
30 40 989 
30 41 907 
30 42 951 
30 43 933 
30 44 987 
30 45 946 
30 46 909 
30 47 953 
30 48 911 
30 49 921 
30 50 959 
31 32 4 
31 33 91 
31 34 58 
31 35 76 
31 36 32 
31 37 46 
31 38 84 
31 39 44 
31 40 75 
31 41 947 
31 42 67 
31 43 933 
31 44 910 
31 45 999 
31 46 921 
31 47 908 
31 48 83 
31 49 943 
31 50 949 
32 33 459 
32 34 746 
32 35 830 
32 36 561 
32 37 314 
32 38 630 
32 39 590 
32 40 985 
32 41 969 
32 42 907 
32 43 912 
32 44 936 
32 45 933 
32 46 957 
32 47 952 
32 48 992 
32 49 900 
32 50 993 
33 34 484 
33 35 274 
33 36 576 
33 37 504 
33 38 882 
33 39 518 
33 40 915 
33 41 906 
33 42 911 
33 43 940 
33 44 985 
33 45 979 
33 46 916 
33 47 914 
33 48 937 
33 49 907 
33 50 914 
34 35 891 
34 36 304 
34 37 689 
34 38 550 
34 39 301 
34 40 953 
34 41 953 
34 42 944 
34 43 970 
34 44 987 
34 45 989 
34 46 915 
34 47 936 
34 48 954 
34 49 953 
34 50 954 
35 36 943 
35 37 535 
35 38 919 
35 39 790 
35 40 965 
35 41 942 
35 42 958 
35 43 911 
35 44 912 
35 45 913 
35 46 937 
35 47 990 
35 48 943 
35 49 910 
35 50 952 
36 37 457 
36 38 292 
36 39 885 
36 40 912 
36 41 903 
36 42 947 
36 43 974 
36 44 986 
36 45 951 
36 46 999 
36 47 979 
36 48 926 
36 49 912 
36 50 902 
37 38 320 
37 39 847 
37 40 956 
37 41 911 
37 42 924 
37 43 965 
37 44 953 
37 45 905 
37 46 910 
37 47 947 
37 48 934 
37 49 980 
37 50 925 
38 39 751 
38 40 919 
38 41 964 
38 42 915 
38 43 905 
38 44 987 
38 45 977 
38 46 921 
38 47 919 
38 48 974 
38 49 909 
38 50 974 
39 40 971 
39 41 995 
39 42 937 
39 43 981 
39 44 909 
39 45 909 
39 46 970 
39 47 950 
39 48 988 
39 49 925 
39 50 930 
40 41 950 
40 42 947 
40 43 932 
40 44 900 
40 45 988 
40 46 920 
40 47 915 
40 48 955 
40 49 974 
40 50 959 
41 42 940 
41 43 925 
41 44 903 
41 45 971 
41 46 900 
41 47 922 
41 48 976 
41 49 993 
41 50 950 
42 43 925 
42 44 995 
42 45 905 
42 46 979 
42 47 905 
42 48 957 
42 49 969 
42 50 921 
43 44 981 
43 45 942 
43 46 910 
43 47 987 
43 48 989 
43 49 942 
43 50 936 
44 45 977 
44 46 949 
44 47 921 
44 48 960 
44 49 998 
44 50 973 
45 46 947 
45 47 912 
45 48 911 
45 49 920 
45 50 966 
46 47 993 
46 48 909 
46 49 979 
46 50 918 
47 48 991 
47 49 943 
47 50 903 
48 49 911 
48 50 954 
49 50 963 
