100 3
1  1
2  0
3  0
4  0
5  0
6  0
7  1
8  0
9  0
10  0
11  1
12  0
13  0
14  0
15  1
16  0
17  0
18  1
19  0
20  0
21  1
22  1
23  0
24  1
25  0
26  0
27  0
28  0
29  0
30  1
31  0
32  1
33  0
34  0
35  0
36  0
37  0
38  0
39  0
40  0
41  1
42  0
43  0
44  0
45  0
46  0
47  1
48  1
49  0
50  0
51  0
52  0
53  1
54  0
55  0
56  0
57  0
58  0
59  0
60  0
61  1
62  0
63  1
64  0
65  0
66  0
67  1
68  0
69  0
70  1
71  0
72  0
73  0
74  0
75  0
76  0
77  0
78  0
79  0
80  0
81  0
82  0
83  0
84  0
85  0
86  0
87  0
88  0
89  0
90  0
91  0
92  0
93  0
94  0
95  0
96  0
97  0
98  0
99  0
100 0 
1 2 11 
1 3 18 
1 4 84 
1 5 10 
1 6 20 
1 7 56 
1 8 86 
1 9 65 
1 10 18 
1 11 969 
1 12 864 
1 13 368 
1 14 380 
1 15 715 
1 16 257 
1 17 396 
1 18 329 
1 19 566 
1 20 550 
1 21 448 
1 22 743 
1 23 402 
1 24 552 
1 25 215 
1 26 360 
1 27 535 
1 28 226 
1 29 282 
1 30 664 
1 31 251 
1 32 623 
1 33 509 
1 34 244 
1 35 699 
1 36 800 
1 37 940 
1 38 685 
1 39 428 
1 40 640 
1 41 307 
1 42 283 
1 43 959 
1 44 328 
1 45 432 
1 46 673 
1 47 245 
1 48 513 
1 49 857 
1 50 484 
1 51 680 
1 52 862 
1 53 333 
1 54 203 
1 55 822 
1 56 629 
1 57 668 
1 58 598 
1 59 940 
1 60 577 
1 61 310 
1 62 222 
1 63 854 
1 64 217 
1 65 916 
1 66 529 
1 67 232 
1 68 622 
1 69 552 
1 70 873 
1 71 907 
1 72 230 
1 73 581 
1 74 881 
1 75 712 
1 76 348 
1 77 654 
1 78 631 
1 79 662 
1 80 928 
1 81 939 
1 82 976 
1 83 941 
1 84 909 
1 85 995 
1 86 946 
1 87 93 
1 88 966 
1 89 54 
1 90 949 
1 91 944 
1 92 927 
1 93 914 
1 94 915 
1 95 948 
1 96 975 
1 97 925 
1 98 78 
1 99 954 
1 100 935 
2 3 596 
2 4 576 
2 5 816 
2 6 644 
2 7 511 
2 8 479 
2 9 974 
2 10 422 
2 11 691 
2 12 385 
2 13 802 
2 14 832 
2 15 775 
2 16 349 
2 17 690 
2 18 563 
2 19 338 
2 20 401 
2 21 985 
2 22 425 
2 23 417 
2 24 917 
2 25 225 
2 26 514 
2 27 826 
2 28 803 
2 29 737 
2 30 701 
2 31 371 
2 32 803 
2 33 566 
2 34 518 
2 35 945 
2 36 409 
2 37 579 
2 38 450 
2 39 514 
2 40 974 
2 41 329 
2 42 955 
2 43 921 
2 44 958 
2 45 932 
2 46 587 
2 47 749 
2 48 710 
2 49 779 
2 50 874 
2 51 817 
2 52 235 
2 53 549 
2 54 888 
2 55 337 
2 56 779 
2 57 236 
2 58 330 
2 59 945 
2 60 965 
2 61 643 
2 62 309 
2 63 677 
2 64 231 
2 65 630 
2 66 987 
2 67 848 
2 68 443 
2 69 758 
2 70 856 
2 71 254 
2 72 881 
2 73 818 
2 74 427 
2 75 416 
2 76 811 
2 77 340 
2 78 389 
2 79 266 
2 80 915 
2 81 950 
2 82 926 
2 83 946 
2 84 929 
2 85 966 
2 86 904 
2 87 943 
2 88 961 
2 89 904 
2 90 948 
2 91 916 
2 92 997 
2 93 952 
2 94 904 
2 95 957 
2 96 930 
2 97 948 
2 98 925 
2 99 924 
2 100 941 
3 4 618 
3 5 480 
3 6 340 
3 7 270 
3 8 988 
3 9 717 
3 10 268 
3 11 535 
3 12 226 
3 13 641 
3 14 858 
3 15 901 
3 16 386 
3 17 879 
3 18 552 
3 19 683 
3 20 402 
3 21 783 
3 22 431 
3 23 650 
3 24 895 
3 25 961 
3 26 928 
3 27 620 
3 28 449 
3 29 834 
3 30 272 
3 31 959 
3 32 831 
3 33 938 
3 34 327 
3 35 823 
3 36 577 
3 37 459 
3 38 231 
3 39 866 
3 40 857 
3 41 713 
3 42 349 
3 43 330 
3 44 529 
3 45 858 
3 46 554 
3 47 782 
3 48 755 
3 49 221 
3 50 654 
3 51 605 
3 52 827 
3 53 729 
3 54 600 
3 55 342 
3 56 413 
3 57 892 
3 58 272 
3 59 899 
3 60 373 
3 61 913 
3 62 673 
3 63 655 
3 64 467 
3 65 798 
3 66 360 
3 67 587 
3 68 739 
3 69 258 
3 70 445 
3 71 421 
3 72 573 
3 73 785 
3 74 356 
3 75 579 
3 76 273 
3 77 909 
3 78 434 
3 79 834 
3 80 946 
3 81 979 
3 82 905 
3 83 945 
3 84 982 
3 85 989 
3 86 943 
3 87 977 
3 88 974 
3 89 902 
3 90 967 
3 91 999 
3 92 904 
3 93 924 
3 94 918 
3 95 948 
3 96 936 
3 97 976 
3 98 931 
3 99 986 
3 100 989 
4 5 720 
4 6 836 
4 7 447 
4 8 594 
4 9 731 
4 10 684 
4 11 368 
4 12 301 
4 13 972 
4 14 479 
4 15 930 
4 16 379 
4 17 359 
4 18 567 
4 19 470 
4 20 551 
4 21 702 
4 22 647 
4 23 320 
4 24 927 
4 25 967 
4 26 863 
4 27 397 
4 28 238 
4 29 894 
4 30 573 
4 31 951 
4 32 601 
4 33 954 
4 34 628 
4 35 298 
4 36 284 
4 37 592 
4 38 318 
4 39 532 
4 40 866 
4 41 617 
4 42 768 
4 43 431 
4 44 454 
4 45 517 
4 46 610 
4 47 685 
4 48 749 
4 49 461 
4 50 683 
4 51 296 
4 52 288 
4 53 346 
4 54 447 
4 55 679 
4 56 778 
4 57 774 
4 58 600 
4 59 495 
4 60 437 
4 61 277 
4 62 613 
4 63 336 
4 64 357 
4 65 483 
4 66 389 
4 67 203 
4 68 209 
4 69 717 
4 70 354 
4 71 548 
4 72 678 
4 73 607 
4 74 749 
4 75 235 
4 76 282 
4 77 416 
4 78 797 
4 79 458 
4 80 980 
4 81 905 
4 82 912 
4 83 943 
4 84 977 
4 85 929 
4 86 969 
4 87 908 
4 88 997 
4 89 927 
4 90 967 
4 91 951 
4 92 949 
4 93 980 
4 94 950 
4 95 966 
4 96 939 
4 97 917 
4 98 998 
4 99 969 
4 100 999 
5 6 400 
5 7 447 
5 8 359 
5 9 365 
5 10 817 
5 11 541 
5 12 445 
5 13 277 
5 14 676 
5 15 919 
5 16 806 
5 17 732 
5 18 723 
5 19 442 
5 20 897 
5 21 582 
5 22 734 
5 23 453 
5 24 345 
5 25 427 
5 26 508 
5 27 764 
5 28 487 
5 29 839 
5 30 213 
5 31 499 
5 32 267 
5 33 221 
5 34 480 
5 35 373 
5 36 648 
5 37 271 
5 38 925 
5 39 599 
5 40 802 
5 41 319 
5 42 978 
5 43 991 
5 44 248 
5 45 963 
5 46 326 
5 47 340 
5 48 930 
5 49 522 
5 50 351 
5 51 804 
5 52 745 
5 53 369 
5 54 892 
5 55 600 
5 56 424 
5 57 740 
5 58 626 
5 59 440 
5 60 359 
5 61 789 
5 62 327 
5 63 669 
5 64 273 
5 65 350 
5 66 496 
5 67 251 
5 68 827 
5 69 758 
5 70 747 
5 71 843 
5 72 692 
5 73 885 
5 74 860 
5 75 665 
5 76 394 
5 77 423 
5 78 968 
5 79 691 
5 80 973 
5 81 961 
5 82 992 
5 83 926 
5 84 916 
5 85 950 
5 86 964 
5 87 909 
5 88 965 
5 89 919 
5 90 956 
5 91 950 
5 92 975 
5 93 914 
5 94 972 
5 95 929 
5 96 906 
5 97 954 
5 98 949 
5 99 959 
5 100 938 
6 7 258 
6 8 339 
6 9 562 
6 10 844 
6 11 468 
6 12 713 
6 13 792 
6 14 243 
6 15 331 
6 16 429 
6 17 397 
6 18 311 
6 19 632 
6 20 422 
6 21 278 
6 22 279 
6 23 729 
6 24 869 
6 25 995 
6 26 779 
6 27 461 
6 28 854 
6 29 563 
6 30 723 
6 31 756 
6 32 648 
6 33 838 
6 34 995 
6 35 873 
6 36 315 
6 37 640 
6 38 268 
6 39 223 
6 40 942 
6 41 611 
6 42 906 
6 43 540 
6 44 934 
6 45 362 
6 46 847 
6 47 344 
6 48 639 
6 49 837 
6 50 306 
6 51 531 
6 52 562 
6 53 855 
6 54 534 
6 55 570 
6 56 682 
6 57 529 
6 58 316 
6 59 600 
6 60 999 
6 61 332 
6 62 361 
6 63 764 
6 64 910 
6 65 937 
6 66 277 
6 67 942 
6 68 470 
6 69 617 
6 70 921 
6 71 433 
6 72 979 
6 73 843 
6 74 597 
6 75 824 
6 76 897 
6 77 329 
6 78 324 
6 79 520 
6 80 955 
6 81 931 
6 82 960 
6 83 962 
6 84 983 
6 85 940 
6 86 916 
6 87 931 
6 88 922 
6 89 965 
6 90 964 
6 91 962 
6 92 957 
6 93 940 
6 94 918 
6 95 981 
6 96 949 
6 97 928 
6 98 995 
6 99 914 
6 100 957 
7 8 368 
7 9 945 
7 10 320 
7 11 273 
7 12 946 
7 13 516 
7 14 821 
7 15 875 
7 16 549 
7 17 497 
7 18 551 
7 19 722 
7 20 641 
7 21 52 
7 22 719 
7 23 291 
7 24 322 
7 25 768 
7 26 732 
7 27 903 
7 28 914 
7 29 689 
7 30 440 
7 31 240 
7 32 304 
7 33 987 
7 34 417 
7 35 454 
7 36 575 
7 37 529 
7 38 589 
7 39 201 
7 40 691 
7 41 506 
7 42 873 
7 43 411 
7 44 232 
7 45 541 
7 46 852 
7 47 939 
7 48 902 
7 49 719 
7 50 251 
7 51 804 
7 52 597 
7 53 764 
7 54 850 
7 55 730 
7 56 288 
7 57 503 
7 58 951 
7 59 528 
7 60 427 
7 61 578 
7 62 487 
7 63 265 
7 64 564 
7 65 924 
7 66 541 
7 67 213 
7 68 811 
7 69 238 
7 70 207 
7 71 215 
7 72 464 
7 73 596 
7 74 326 
7 75 665 
7 76 977 
7 77 459 
7 78 992 
7 79 335 
7 80 905 
7 81 994 
7 82 981 
7 83 912 
7 84 959 
7 85 992 
7 86 959 
7 87 949 
7 88 924 
7 89 993 
7 90 951 
7 91 992 
7 92 936 
7 93 942 
7 94 984 
7 95 906 
7 96 912 
7 97 965 
7 98 926 
7 99 962 
7 100 996 
8 9 545 
8 10 926 
8 11 327 
8 12 523 
8 13 919 
8 14 625 
8 15 560 
8 16 805 
8 17 556 
8 18 554 
8 19 340 
8 20 872 
8 21 978 
8 22 451 
8 23 334 
8 24 286 
8 25 949 
8 26 272 
8 27 280 
8 28 569 
8 29 274 
8 30 464 
8 31 614 
8 32 486 
8 33 825 
8 34 470 
8 35 287 
8 36 434 
8 37 804 
8 38 980 
8 39 863 
8 40 569 
8 41 213 
8 42 428 
8 43 846 
8 44 755 
8 45 914 
8 46 919 
8 47 447 
8 48 861 
8 49 863 
8 50 945 
8 51 392 
8 52 585 
8 53 959 
8 54 523 
8 55 292 
8 56 933 
8 57 970 
8 58 398 
8 59 713 
8 60 651 
8 61 333 
8 62 624 
8 63 810 
8 64 782 
8 65 933 
8 66 280 
8 67 365 
8 68 799 
8 69 633 
8 70 625 
8 71 394 
8 72 515 
8 73 891 
8 74 208 
8 75 648 
8 76 277 
8 77 860 
8 78 646 
8 79 343 
8 80 950 
8 81 967 
8 82 955 
8 83 912 
8 84 968 
8 85 925 
8 86 989 
8 87 917 
8 88 997 
8 89 912 
8 90 914 
8 91 955 
8 92 976 
8 93 905 
8 94 902 
8 95 970 
8 96 949 
8 97 949 
8 98 977 
8 99 965 
8 100 913 
9 10 954 
9 11 562 
9 12 293 
9 13 589 
9 14 713 
9 15 554 
9 16 786 
9 17 641 
9 18 823 
9 19 749 
9 20 462 
9 21 969 
9 22 419 
9 23 949 
9 24 836 
9 25 596 
9 26 646 
9 27 524 
9 28 338 
9 29 647 
9 30 440 
9 31 712 
9 32 952 
9 33 280 
9 34 227 
9 35 969 
9 36 899 
9 37 620 
9 38 361 
9 39 398 
9 40 214 
9 41 817 
9 42 788 
9 43 539 
9 44 732 
9 45 762 
9 46 833 
9 47 939 
9 48 400 
9 49 830 
9 50 747 
9 51 917 
9 52 808 
9 53 431 
9 54 793 
9 55 576 
9 56 358 
9 57 540 
9 58 807 
9 59 677 
9 60 573 
9 61 774 
9 62 597 
9 63 745 
9 64 291 
9 65 322 
9 66 338 
9 67 984 
9 68 891 
9 69 370 
9 70 710 
9 71 896 
9 72 831 
9 73 836 
9 74 610 
9 75 563 
9 76 656 
9 77 328 
9 78 552 
9 79 218 
9 80 958 
9 81 906 
9 82 982 
9 83 936 
9 84 954 
9 85 950 
9 86 938 
9 87 984 
9 88 937 
9 89 952 
9 90 952 
9 91 960 
9 92 968 
9 93 976 
9 94 980 
9 95 981 
9 96 962 
9 97 904 
9 98 948 
9 99 930 
9 100 949 
10 11 797 
10 12 370 
10 13 346 
10 14 313 
10 15 373 
10 16 532 
10 17 292 
10 18 391 
10 19 589 
10 20 377 
10 21 904 
10 22 714 
10 23 304 
10 24 801 
10 25 877 
10 26 532 
10 27 713 
10 28 415 
10 29 263 
10 30 480 
10 31 497 
10 32 723 
10 33 261 
10 34 747 
10 35 314 
10 36 904 
10 37 285 
10 38 978 
10 39 312 
10 40 686 
10 41 439 
10 42 751 
10 43 818 
10 44 214 
10 45 444 
10 46 755 
10 47 812 
10 48 655 
10 49 733 
10 50 770 
10 51 529 
10 52 643 
10 53 259 
10 54 433 
10 55 707 
10 56 240 
10 57 313 
10 58 865 
10 59 290 
10 60 327 
10 61 731 
10 62 345 
10 63 286 
10 64 455 
10 65 542 
10 66 869 
10 67 285 
10 68 695 
10 69 925 
10 70 368 
10 71 300 
10 72 421 
10 73 998 
10 74 994 
10 75 870 
10 76 609 
10 77 808 
10 78 665 
10 79 804 
10 80 968 
10 81 981 
10 82 960 
10 83 915 
10 84 973 
10 85 995 
10 86 914 
10 87 990 
10 88 962 
10 89 928 
10 90 964 
10 91 945 
10 92 932 
10 93 951 
10 94 987 
10 95 907 
10 96 951 
10 97 918 
10 98 924 
10 99 975 
10 100 955 
11 12 67 
11 13 49 
11 14 86 
11 15 73 
11 16 5 
11 17 51 
11 18 601 
11 19 859 
11 20 777 
11 21 586 
11 22 979 
11 23 270 
11 24 308 
11 25 910 
11 26 652 
11 27 241 
11 28 360 
11 29 903 
11 30 659 
11 31 550 
11 32 443 
11 33 313 
11 34 324 
11 35 680 
11 36 807 
11 37 738 
11 38 742 
11 39 985 
11 40 261 
11 41 612 
11 42 900 
11 43 525 
11 44 458 
11 45 337 
11 46 876 
11 47 952 
11 48 549 
11 49 216 
11 50 489 
11 51 248 
11 52 404 
11 53 273 
11 54 288 
11 55 353 
11 56 553 
11 57 265 
11 58 844 
11 59 621 
11 60 929 
11 61 302 
11 62 378 
11 63 608 
11 64 446 
11 65 922 
11 66 612 
11 67 668 
11 68 265 
11 69 736 
11 70 687 
11 71 938 
11 72 297 
11 73 728 
11 74 611 
11 75 579 
11 76 321 
11 77 939 
11 78 398 
11 79 738 
11 80 63 
11 81 974 
11 82 64 
11 83 932 
11 84 989 
11 85 94 
11 86 942 
11 87 940 
11 88 926 
11 89 969 
11 90 945 
11 91 902 
11 92 996 
11 93 904 
11 94 999 
11 95 995 
11 96 67 
11 97 986 
11 98 967 
11 99 958 
11 100 984 
12 13 749 
12 14 637 
12 15 855 
12 16 905 
12 17 699 
12 18 540 
12 19 578 
12 20 470 
12 21 330 
12 22 781 
12 23 681 
12 24 580 
12 25 707 
12 26 945 
12 27 789 
12 28 704 
12 29 569 
12 30 314 
12 31 479 
12 32 594 
12 33 706 
12 34 752 
12 35 905 
12 36 967 
12 37 787 
12 38 449 
12 39 891 
12 40 321 
12 41 446 
12 42 268 
12 43 863 
12 44 606 
12 45 618 
12 46 876 
12 47 956 
12 48 201 
12 49 342 
12 50 677 
12 51 722 
12 52 259 
12 53 973 
12 54 752 
12 55 442 
12 56 974 
12 57 424 
12 58 391 
12 59 827 
12 60 991 
12 61 806 
12 62 975 
12 63 204 
12 64 641 
12 65 556 
12 66 424 
12 67 269 
12 68 970 
12 69 925 
12 70 630 
12 71 964 
12 72 671 
12 73 824 
12 74 589 
12 75 792 
12 76 549 
12 77 820 
12 78 670 
12 79 495 
12 80 951 
12 81 919 
12 82 973 
12 83 960 
12 84 911 
12 85 901 
12 86 934 
12 87 942 
12 88 936 
12 89 996 
12 90 946 
12 91 941 
12 92 937 
12 93 912 
12 94 985 
12 95 991 
12 96 970 
12 97 982 
12 98 902 
12 99 927 
12 100 942 
13 14 334 
13 15 701 
13 16 579 
13 17 232 
13 18 544 
13 19 459 
13 20 428 
13 21 792 
13 22 357 
13 23 934 
13 24 744 
13 25 933 
13 26 597 
13 27 924 
13 28 819 
13 29 388 
13 30 259 
13 31 830 
13 32 770 
13 33 690 
13 34 393 
13 35 606 
13 36 751 
13 37 533 
13 38 948 
13 39 777 
13 40 804 
13 41 272 
13 42 399 
13 43 996 
13 44 202 
13 45 265 
13 46 369 
13 47 871 
13 48 847 
13 49 315 
13 50 359 
13 51 444 
13 52 248 
13 53 410 
13 54 59 
13 55 479 
13 56 887 
13 57 972 
13 58 810 
13 59 729 
13 60 499 
13 61 541 
13 62 541 
13 63 525 
13 64 368 
13 65 341 
13 66 977 
13 67 893 
13 68 973 
13 69 676 
13 70 358 
13 71 633 
13 72 711 
13 73 555 
13 74 896 
13 75 276 
13 76 624 
13 77 552 
13 78 737 
13 79 234 
13 80 982 
13 81 944 
13 82 989 
13 83 947 
13 84 902 
13 85 944 
13 86 922 
13 87 967 
13 88 928 
13 89 933 
13 90 985 
13 91 970 
13 92 970 
13 93 923 
13 94 989 
13 95 940 
13 96 979 
13 97 954 
13 98 953 
13 99 962 
13 100 959 
14 15 942 
14 16 383 
14 17 515 
14 18 718 
14 19 856 
14 20 909 
14 21 632 
14 22 821 
14 23 753 
14 24 556 
14 25 866 
14 26 644 
14 27 450 
14 28 965 
14 29 370 
14 30 282 
14 31 537 
14 32 761 
14 33 609 
14 34 509 
14 35 580 
14 36 397 
14 37 880 
14 38 806 
14 39 267 
14 40 889 
14 41 351 
14 42 971 
14 43 529 
14 44 816 
14 45 271 
14 46 784 
14 47 425 
14 48 301 
14 49 313 
14 50 685 
14 51 535 
14 52 257 
14 53 907 
14 54 958 
14 55 269 
14 56 543 
14 57 710 
14 58 814 
14 59 643 
14 60 931 
14 61 953 
14 62 736 
14 63 435 
14 64 294 
14 65 731 
14 66 994 
14 67 217 
14 68 323 
14 69 490 
14 70 274 
14 71 206 
14 72 359 
14 73 966 
14 74 365 
14 75 415 
14 76 282 
14 77 844 
14 78 540 
14 79 463 
14 80 904 
14 81 986 
14 82 929 
14 83 943 
14 84 918 
14 85 999 
14 86 908 
14 87 975 
14 88 958 
14 89 901 
14 90 955 
14 91 935 
14 92 904 
14 93 967 
14 94 976 
14 95 968 
14 96 913 
14 97 947 
14 98 975 
14 99 947 
14 100 980 
15 16 848 
15 17 852 
15 18 702 
15 19 529 
15 20 366 
15 21 938 
15 22 93 
15 23 500 
15 24 260 
15 25 988 
15 26 750 
15 27 718 
15 28 780 
15 29 272 
15 30 362 
15 31 856 
15 32 244 
15 33 340 
15 34 789 
15 35 580 
15 36 390 
15 37 253 
15 38 268 
15 39 246 
15 40 550 
15 41 651 
15 42 332 
15 43 978 
15 44 722 
15 45 959 
15 46 816 
15 47 454 
15 48 922 
15 49 512 
15 50 749 
15 51 823 
15 52 798 
15 53 395 
15 54 942 
15 55 717 
15 56 876 
15 57 318 
15 58 496 
15 59 989 
15 60 342 
15 61 706 
15 62 382 
15 63 474 
15 64 214 
15 65 508 
15 66 234 
15 67 378 
15 68 577 
15 69 275 
15 70 207 
15 71 490 
15 72 716 
15 73 831 
15 74 810 
15 75 882 
15 76 769 
15 77 309 
15 78 466 
15 79 774 
15 80 952 
15 81 969 
15 82 976 
15 83 916 
15 84 942 
15 85 904 
15 86 932 
15 87 930 
15 88 912 
15 89 958 
15 90 937 
15 91 987 
15 92 909 
15 93 981 
15 94 912 
15 95 948 
15 96 925 
15 97 936 
15 98 929 
15 99 908 
15 100 931 
16 17 992 
16 18 917 
16 19 251 
16 20 753 
16 21 342 
16 22 560 
16 23 559 
16 24 609 
16 25 798 
16 26 762 
16 27 327 
16 28 403 
16 29 890 
16 30 243 
16 31 716 
16 32 253 
16 33 847 
16 34 309 
16 35 880 
16 36 350 
16 37 835 
16 38 797 
16 39 587 
16 40 837 
16 41 408 
16 42 698 
16 43 726 
16 44 260 
16 45 454 
16 46 886 
16 47 522 
16 48 243 
16 49 794 
16 50 231 
16 51 375 
16 52 707 
16 53 337 
16 54 629 
16 55 675 
16 56 809 
16 57 594 
16 58 393 
16 59 552 
16 60 583 
16 61 654 
16 62 378 
16 63 588 
16 64 954 
16 65 376 
16 66 727 
16 67 575 
16 68 965 
16 69 229 
16 70 819 
16 71 439 
16 72 320 
16 73 930 
16 74 660 
16 75 747 
16 76 608 
16 77 248 
16 78 665 
16 79 433 
16 80 972 
16 81 974 
16 82 957 
16 83 991 
16 84 929 
16 85 999 
16 86 905 
16 87 908 
16 88 963 
16 89 989 
16 90 926 
16 91 981 
16 92 939 
16 93 945 
16 94 946 
16 95 983 
16 96 929 
16 97 910 
16 98 984 
16 99 960 
16 100 929 
17 18 837 
17 19 704 
17 20 655 
17 21 504 
17 22 615 
17 23 902 
17 24 530 
17 25 996 
17 26 445 
17 27 896 
17 28 452 
17 29 589 
17 30 434 
17 31 843 
17 32 463 
17 33 535 
17 34 233 
17 35 426 
17 36 282 
17 37 240 
17 38 714 
17 39 765 
17 40 526 
17 41 875 
17 42 531 
17 43 674 
17 44 325 
17 45 767 
17 46 672 
17 47 463 
17 48 375 
17 49 830 
17 50 662 
17 51 395 
17 52 932 
17 53 822 
17 54 818 
17 55 335 
17 56 512 
17 57 714 
17 58 309 
17 59 992 
17 60 386 
17 61 782 
17 62 940 
17 63 745 
17 64 907 
17 65 517 
17 66 577 
17 67 379 
17 68 438 
17 69 890 
17 70 995 
17 71 260 
17 72 228 
17 73 864 
17 74 694 
17 75 624 
17 76 645 
17 77 586 
17 78 442 
17 79 290 
17 80 973 
17 81 911 
17 82 916 
17 83 997 
17 84 998 
17 85 996 
17 86 934 
17 87 997 
17 88 954 
17 89 904 
17 90 911 
17 91 997 
17 92 984 
17 93 926 
17 94 910 
17 95 967 
17 96 934 
17 97 983 
17 98 968 
17 99 900 
17 100 984 
18 19 10 
18 20 5 
18 21 50 
18 22 44 
18 23 69 
18 24 998 
18 25 330 
18 26 252 
18 27 561 
18 28 574 
18 29 650 
18 30 543 
18 31 739 
18 32 374 
18 33 300 
18 34 456 
18 35 298 
18 36 379 
18 37 482 
18 38 365 
18 39 320 
18 40 836 
18 41 972 
18 42 635 
18 43 612 
18 44 260 
18 45 213 
18 46 521 
18 47 274 
18 48 687 
18 49 653 
18 50 928 
18 51 228 
18 52 941 
18 53 901 
18 54 423 
18 55 395 
18 56 512 
18 57 364 
18 58 272 
18 59 459 
18 60 533 
18 61 907 
18 62 292 
18 63 729 
18 64 908 
18 65 482 
18 66 239 
18 67 790 
18 68 391 
18 69 769 
18 70 620 
18 71 872 
18 72 404 
18 73 263 
18 74 591 
18 75 893 
18 76 987 
18 77 699 
18 78 788 
18 79 543 
18 80 935 
18 81 906 
18 82 911 
18 83 970 
18 84 944 
18 85 987 
18 86 936 
18 87 954 
18 88 997 
18 89 909 
18 90 76 
18 91 88 
18 92 911 
18 93 937 
18 94 956 
18 95 957 
18 96 991 
18 97 965 
18 98 903 
18 99 928 
18 100 942 
19 20 390 
19 21 747 
19 22 586 
19 23 790 
19 24 308 
19 25 647 
19 26 798 
19 27 320 
19 28 476 
19 29 252 
19 30 554 
19 31 369 
19 32 801 
19 33 914 
19 34 250 
19 35 363 
19 36 730 
19 37 52 
19 38 837 
19 39 706 
19 40 667 
19 41 350 
19 42 964 
19 43 930 
19 44 249 
19 45 850 
19 46 331 
19 47 884 
19 48 350 
19 49 627 
19 50 833 
19 51 699 
19 52 579 
19 53 578 
19 54 593 
19 55 779 
19 56 637 
19 57 242 
19 58 424 
19 59 601 
19 60 219 
19 61 306 
19 62 595 
19 63 353 
19 64 635 
19 65 507 
19 66 662 
19 67 313 
19 68 271 
19 69 504 
19 70 492 
19 71 505 
19 72 691 
19 73 825 
19 74 482 
19 75 934 
19 76 907 
19 77 566 
19 78 371 
19 79 227 
19 80 983 
19 81 938 
19 82 945 
19 83 976 
19 84 977 
19 85 980 
19 86 929 
19 87 997 
19 88 977 
19 89 909 
19 90 933 
19 91 904 
19 92 952 
19 93 934 
19 94 984 
19 95 979 
19 96 943 
19 97 945 
19 98 974 
19 99 914 
19 100 918 
20 21 639 
20 22 996 
20 23 673 
20 24 247 
20 25 470 
20 26 345 
20 27 599 
20 28 989 
20 29 531 
20 30 447 
20 31 737 
20 32 941 
20 33 850 
20 34 410 
20 35 617 
20 36 462 
20 37 257 
20 38 217 
20 39 240 
20 40 792 
20 41 798 
20 42 991 
20 43 560 
20 44 875 
20 45 981 
20 46 687 
20 47 212 
20 48 849 
20 49 310 
20 50 505 
20 51 628 
20 52 788 
20 53 472 
20 54 614 
20 55 242 
20 56 896 
20 57 912 
20 58 677 
20 59 982 
20 60 822 
20 61 719 
20 62 435 
20 63 554 
20 64 213 
20 65 350 
20 66 749 
20 67 916 
20 68 232 
20 69 827 
20 70 405 
20 71 471 
20 72 912 
20 73 529 
20 74 902 
20 75 968 
20 76 592 
20 77 216 
20 78 983 
20 79 273 
20 80 915 
20 81 974 
20 82 914 
20 83 967 
20 84 996 
20 85 901 
20 86 942 
20 87 912 
20 88 904 
20 89 925 
20 90 933 
20 91 974 
20 92 938 
20 93 950 
20 94 951 
20 95 934 
20 96 945 
20 97 984 
20 98 984 
20 99 965 
20 100 945 
21 22 475 
21 23 402 
21 24 369 
21 25 968 
21 26 670 
21 27 257 
21 28 273 
21 29 365 
21 30 461 
21 31 744 
21 32 412 
21 33 518 
21 34 814 
21 35 808 
21 36 551 
21 37 346 
21 38 487 
21 39 567 
21 40 737 
21 41 687 
21 42 649 
21 43 832 
21 44 550 
21 45 515 
21 46 345 
21 47 958 
21 48 868 
21 49 333 
21 50 226 
21 51 534 
21 52 364 
21 53 786 
21 54 892 
21 55 598 
21 56 888 
21 57 903 
21 58 538 
21 59 625 
21 60 638 
21 61 201 
21 62 439 
21 63 952 
21 64 248 
21 65 893 
21 66 671 
21 67 536 
21 68 881 
21 69 585 
21 70 316 
21 71 758 
21 72 912 
21 73 367 
21 74 423 
21 75 650 
21 76 900 
21 77 365 
21 78 842 
21 79 990 
21 80 994 
21 81 996 
21 82 912 
21 83 947 
21 84 944 
21 85 942 
21 86 939 
21 87 998 
21 88 965 
21 89 925 
21 90 926 
21 91 985 
21 92 914 
21 93 927 
21 94 931 
21 95 967 
21 96 988 
21 97 934 
21 98 926 
21 99 912 
21 100 965 
22 23 948 
22 24 886 
22 25 343 
22 26 933 
22 27 483 
22 28 942 
22 29 523 
22 30 828 
22 31 709 
22 32 232 
22 33 352 
22 34 802 
22 35 644 
22 36 479 
22 37 502 
22 38 759 
22 39 433 
22 40 950 
22 41 255 
22 42 661 
22 43 619 
22 44 912 
22 45 300 
22 46 817 
22 47 369 
22 48 846 
22 49 666 
22 50 688 
22 51 712 
22 52 717 
22 53 668 
22 54 969 
22 55 619 
22 56 476 
22 57 808 
22 58 639 
22 59 469 
22 60 798 
22 61 577 
22 62 827 
22 63 336 
22 64 771 
22 65 808 
22 66 939 
22 67 667 
22 68 326 
22 69 641 
22 70 732 
22 71 637 
22 72 646 
22 73 294 
22 74 473 
22 75 460 
22 76 966 
22 77 718 
22 78 289 
22 79 220 
22 80 932 
22 81 926 
22 82 938 
22 83 905 
22 84 999 
22 85 940 
22 86 997 
22 87 942 
22 88 910 
22 89 906 
22 90 974 
22 91 932 
22 92 906 
22 93 957 
22 94 912 
22 95 962 
22 96 934 
22 97 917 
22 98 929 
22 99 975 
22 100 967 
23 24 836 
23 25 252 
23 26 841 
23 27 713 
23 28 730 
23 29 935 
23 30 887 
23 31 514 
23 32 437 
23 33 812 
23 34 698 
23 35 987 
23 36 376 
23 37 438 
23 38 906 
23 39 561 
23 40 689 
23 41 457 
23 42 579 
23 43 251 
23 44 503 
23 45 657 
23 46 417 
23 47 758 
23 48 392 
23 49 718 
23 50 314 
23 51 205 
23 52 356 
23 53 795 
23 54 222 
23 55 905 
23 56 328 
23 57 451 
23 58 367 
23 59 766 
23 60 236 
23 61 803 
23 62 608 
23 63 754 
23 64 988 
23 65 317 
23 66 655 
23 67 876 
23 68 471 
23 69 673 
23 70 290 
23 71 800 
23 72 905 
23 73 988 
23 74 260 
23 75 349 
23 76 808 
23 77 766 
23 78 732 
23 79 242 
23 80 923 
23 81 974 
23 82 942 
23 83 902 
23 84 995 
23 85 908 
23 86 991 
23 87 905 
23 88 974 
23 89 910 
23 90 903 
23 91 900 
23 92 974 
23 93 921 
23 94 980 
23 95 942 
23 96 948 
23 97 921 
23 98 904 
23 99 981 
23 100 994 
24 25 74 
24 26 7 
24 27 94 
24 28 85 
24 29 29 
24 30 18 
24 31 3 
24 32 913 
24 33 813 
24 34 593 
24 35 228 
24 36 993 
24 37 939 
24 38 512 
24 39 881 
24 40 498 
24 41 231 
24 42 216 
24 43 545 
24 44 764 
24 45 775 
24 46 508 
24 47 882 
24 48 999 
24 49 273 
24 50 278 
24 51 544 
24 52 209 
24 53 763 
24 54 508 
24 55 822 
24 56 420 
24 57 248 
24 58 644 
24 59 951 
24 60 340 
24 61 832 
24 62 742 
24 63 395 
24 64 923 
24 65 699 
24 66 406 
24 67 843 
24 68 853 
24 69 437 
24 70 958 
24 71 363 
24 72 411 
24 73 258 
24 74 830 
24 75 426 
24 76 513 
24 77 940 
24 78 803 
24 79 698 
24 80 993 
24 81 935 
24 82 917 
24 83 65 
24 84 91 
24 85 925 
24 86 955 
24 87 979 
24 88 910 
24 89 908 
24 90 905 
24 91 991 
24 92 959 
24 93 929 
24 94 924 
24 95 928 
24 96 928 
24 97 985 
24 98 938 
24 99 960 
24 100 930 
25 26 654 
25 27 832 
25 28 295 
25 29 239 
25 30 318 
25 31 700 
25 32 302 
25 33 586 
25 34 889 
25 35 919 
25 36 252 
25 37 419 
25 38 529 
25 39 494 
25 40 952 
25 41 376 
25 42 350 
25 43 594 
25 44 513 
25 45 665 
25 46 249 
25 47 755 
25 48 242 
25 49 751 
25 50 411 
25 51 490 
25 52 311 
25 53 687 
25 54 915 
25 55 329 
25 56 620 
25 57 354 
25 58 394 
25 59 611 
25 60 827 
25 61 818 
25 62 758 
25 63 892 
25 64 721 
25 65 404 
25 66 416 
25 67 911 
25 68 901 
25 69 952 
25 70 343 
25 71 545 
25 72 48 
25 73 776 
25 74 434 
25 75 273 
25 76 808 
25 77 330 
25 78 518 
25 79 325 
25 80 957 
25 81 976 
25 82 949 
25 83 988 
25 84 936 
25 85 968 
25 86 904 
25 87 971 
25 88 961 
25 89 956 
25 90 961 
25 91 998 
25 92 979 
25 93 918 
25 94 908 
25 95 969 
25 96 965 
25 97 927 
25 98 944 
25 99 976 
25 100 997 
26 27 474 
26 28 819 
26 29 405 
26 30 328 
26 31 856 
26 32 252 
26 33 618 
26 34 971 
26 35 823 
26 36 497 
26 37 226 
26 38 274 
26 39 786 
26 40 488 
26 41 767 
26 42 563 
26 43 626 
26 44 926 
26 45 812 
26 46 658 
26 47 760 
26 48 597 
26 49 558 
26 50 383 
26 51 720 
26 52 239 
26 53 335 
26 54 492 
26 55 886 
26 56 233 
26 57 330 
26 58 463 
26 59 421 
26 60 249 
26 61 437 
26 62 445 
26 63 707 
26 64 742 
26 65 241 
26 66 417 
26 67 782 
26 68 777 
26 69 979 
26 70 766 
26 71 901 
26 72 582 
26 73 688 
26 74 394 
26 75 503 
26 76 683 
26 77 267 
26 78 423 
26 79 908 
26 80 903 
26 81 922 
26 82 927 
26 83 932 
26 84 915 
26 85 931 
26 86 975 
26 87 906 
26 88 986 
26 89 930 
26 90 908 
26 91 942 
26 92 998 
26 93 993 
26 94 992 
26 95 936 
26 96 933 
26 97 954 
26 98 953 
26 99 912 
26 100 911 
27 28 773 
27 29 414 
27 30 416 
27 31 436 
27 32 773 
27 33 809 
27 34 488 
27 35 403 
27 36 726 
27 37 733 
27 38 978 
27 39 938 
27 40 475 
27 41 616 
27 42 495 
27 43 964 
27 44 459 
27 45 254 
27 46 588 
27 47 678 
27 48 683 
27 49 300 
27 50 231 
27 51 659 
27 52 943 
27 53 348 
27 54 885 
27 55 770 
27 56 305 
27 57 647 
27 58 502 
27 59 353 
27 60 589 
27 61 734 
27 62 914 
27 63 357 
27 64 290 
27 65 567 
27 66 796 
27 67 760 
27 68 969 
27 69 632 
27 70 483 
27 71 578 
27 72 915 
27 73 996 
27 74 760 
27 75 243 
27 76 644 
27 77 360 
27 78 420 
27 79 566 
27 80 975 
27 81 967 
27 82 935 
27 83 998 
27 84 904 
27 85 950 
27 86 947 
27 87 984 
27 88 970 
27 89 937 
27 90 917 
27 91 992 
27 92 924 
27 93 993 
27 94 957 
27 95 922 
27 96 953 
27 97 909 
27 98 996 
27 99 973 
27 100 986 
28 29 913 
28 30 261 
28 31 709 
28 32 565 
28 33 730 
28 34 987 
28 35 268 
28 36 556 
28 37 680 
28 38 922 
28 39 503 
28 40 591 
28 41 965 
28 42 808 
28 43 847 
28 44 827 
28 45 574 
28 46 945 
28 47 865 
28 48 861 
28 49 218 
28 50 306 
28 51 765 
28 52 676 
28 53 823 
28 54 259 
28 55 976 
28 56 456 
28 57 361 
28 58 200 
28 59 386 
28 60 279 
28 61 273 
28 62 726 
28 63 527 
28 64 483 
28 65 959 
28 66 454 
28 67 709 
28 68 269 
28 69 872 
28 70 379 
28 71 387 
28 72 752 
28 73 645 
28 74 563 
28 75 620 
28 76 301 
28 77 721 
28 78 367 
28 79 366 
28 80 914 
28 81 969 
28 82 901 
28 83 977 
28 84 936 
28 85 998 
28 86 911 
28 87 966 
28 88 943 
28 89 952 
28 90 964 
28 91 976 
28 92 968 
28 93 971 
28 94 991 
28 95 920 
28 96 927 
28 97 964 
28 98 921 
28 99 985 
28 100 958 
29 30 634 
29 31 385 
29 32 867 
29 33 341 
29 34 681 
29 35 704 
29 36 636 
29 37 462 
29 38 410 
29 39 402 
29 40 884 
29 41 957 
29 42 865 
29 43 581 
29 44 247 
29 45 797 
29 46 309 
29 47 406 
29 48 531 
29 49 379 
29 50 797 
29 51 585 
29 52 930 
29 53 497 
29 54 826 
29 55 965 
29 56 663 
29 57 739 
29 58 820 
29 59 435 
29 60 714 
29 61 283 
29 62 742 
29 63 245 
29 64 771 
29 65 261 
29 66 521 
29 67 935 
29 68 551 
29 69 554 
29 70 514 
29 71 951 
29 72 998 
29 73 973 
29 74 651 
29 75 227 
29 76 865 
29 77 712 
29 78 802 
29 79 310 
29 80 977 
29 81 985 
29 82 916 
29 83 996 
29 84 905 
29 85 918 
29 86 925 
29 87 995 
29 88 999 
29 89 922 
29 90 976 
29 91 917 
29 92 968 
29 93 945 
29 94 945 
29 95 928 
29 96 900 
29 97 981 
29 98 982 
29 99 962 
29 100 903 
30 31 508 
30 32 579 
30 33 275 
30 34 802 
30 35 775 
30 36 665 
30 37 934 
30 38 925 
30 39 844 
30 40 811 
30 41 232 
30 42 796 
30 43 216 
30 44 257 
30 45 474 
30 46 464 
30 47 810 
30 48 549 
30 49 572 
30 50 802 
30 51 381 
30 52 541 
30 53 504 
30 54 783 
30 55 565 
30 56 843 
30 57 846 
30 58 548 
30 59 875 
30 60 455 
30 61 386 
30 62 665 
30 63 248 
30 64 248 
30 65 552 
30 66 717 
30 67 72 
30 68 803 
30 69 436 
30 70 427 
30 71 581 
30 72 651 
30 73 445 
30 74 704 
30 75 227 
30 76 467 
30 77 408 
30 78 622 
30 79 200 
30 80 978 
30 81 952 
30 82 990 
30 83 963 
30 84 937 
30 85 964 
30 86 953 
30 87 968 
30 88 953 
30 89 904 
30 90 949 
30 91 983 
30 92 993 
30 93 981 
30 94 982 
30 95 940 
30 96 991 
30 97 944 
30 98 912 
30 99 927 
30 100 965 
31 32 849 
31 33 555 
31 34 889 
31 35 970 
31 36 724 
31 37 926 
31 38 979 
31 39 404 
31 40 313 
31 41 943 
31 42 738 
31 43 288 
31 44 461 
31 45 786 
31 46 815 
31 47 693 
31 48 383 
31 49 623 
31 50 723 
31 51 929 
31 52 557 
31 53 442 
31 54 322 
31 55 213 
31 56 362 
31 57 784 
31 58 213 
31 59 930 
31 60 978 
31 61 374 
31 62 633 
31 63 439 
31 64 622 
31 65 306 
31 66 473 
31 67 343 
31 68 902 
31 69 870 
31 70 236 
31 71 573 
31 72 874 
31 73 880 
31 74 926 
31 75 336 
31 76 927 
31 77 258 
31 78 671 
31 79 676 
31 80 955 
31 81 937 
31 82 992 
31 83 991 
31 84 979 
31 85 904 
31 86 935 
31 87 918 
31 88 963 
31 89 995 
31 90 910 
31 91 927 
31 92 987 
31 93 976 
31 94 983 
31 95 993 
31 96 984 
31 97 908 
31 98 904 
31 99 963 
31 100 944 
32 33 4 
32 34 19 
32 35 84 
32 36 99 
32 37 7 
32 38 61 
32 39 7 
32 40 65 
32 41 553 
32 42 642 
32 43 398 
32 44 981 
32 45 637 
32 46 930 
32 47 963 
32 48 964 
32 49 931 
32 50 637 
32 51 351 
32 52 944 
32 53 813 
32 54 982 
32 55 660 
32 56 723 
32 57 539 
32 58 688 
32 59 276 
32 60 738 
32 61 426 
32 62 876 
32 63 635 
32 64 514 
32 65 321 
32 66 966 
32 67 795 
32 68 618 
32 69 569 
32 70 335 
32 71 235 
32 72 252 
32 73 303 
32 74 681 
32 75 399 
32 76 995 
32 77 427 
32 78 868 
32 79 358 
32 80 995 
32 81 963 
32 82 938 
32 83 934 
32 84 902 
32 85 937 
32 86 981 
32 87 999 
32 88 932 
32 89 994 
32 90 905 
32 91 935 
32 92 83 
32 93 952 
32 94 79 
32 95 907 
32 96 928 
32 97 956 
32 98 959 
32 99 956 
32 100 918 
33 34 236 
33 35 749 
33 36 283 
33 37 789 
33 38 420 
33 39 765 
33 40 205 
33 41 279 
33 42 758 
33 43 847 
33 44 925 
33 45 257 
33 46 609 
33 47 760 
33 48 873 
33 49 567 
33 50 538 
33 51 564 
33 52 682 
33 53 273 
33 54 711 
33 55 403 
33 56 368 
33 57 650 
33 58 790 
33 59 680 
33 60 347 
33 61 462 
33 62 865 
33 63 207 
33 64 473 
33 65 514 
33 66 355 
33 67 512 
33 68 835 
33 69 848 
33 70 888 
33 71 440 
33 72 469 
33 73 601 
33 74 438 
33 75 963 
33 76 977 
33 77 697 
33 78 461 
33 79 457 
33 80 912 
33 81 962 
33 82 922 
33 83 914 
33 84 959 
33 85 985 
33 86 935 
33 87 926 
33 88 966 
33 89 948 
33 90 939 
33 91 947 
33 92 942 
33 93 908 
33 94 996 
33 95 968 
33 96 995 
33 97 975 
33 98 910 
33 99 990 
33 100 976 
34 35 468 
34 36 953 
34 37 255 
34 38 253 
34 39 403 
34 40 567 
34 41 927 
34 42 902 
34 43 925 
34 44 694 
34 45 683 
34 46 971 
34 47 816 
34 48 805 
34 49 265 
34 50 705 
34 51 280 
34 52 432 
34 53 675 
34 54 789 
34 55 971 
34 56 424 
34 57 482 
34 58 440 
34 59 454 
34 60 563 
34 61 652 
34 62 877 
34 63 838 
34 64 916 
34 65 733 
34 66 659 
34 67 389 
34 68 377 
34 69 263 
34 70 275 
34 71 282 
34 72 902 
34 73 426 
34 74 457 
34 75 591 
34 76 933 
34 77 881 
34 78 338 
34 79 865 
34 80 951 
34 81 949 
34 82 912 
34 83 985 
34 84 915 
34 85 913 
34 86 978 
34 87 967 
34 88 996 
34 89 999 
34 90 978 
34 91 908 
34 92 945 
34 93 992 
34 94 930 
34 95 996 
34 96 926 
34 97 992 
34 98 914 
34 99 997 
34 100 911 
35 36 458 
35 37 241 
35 38 442 
35 39 442 
35 40 679 
35 41 642 
35 42 419 
35 43 942 
35 44 533 
35 45 284 
35 46 852 
35 47 919 
35 48 669 
35 49 784 
35 50 487 
35 51 433 
35 52 617 
35 53 715 
35 54 432 
35 55 917 
35 56 686 
35 57 556 
35 58 622 
35 59 662 
35 60 246 
35 61 607 
35 62 916 
35 63 605 
35 64 303 
35 65 897 
35 66 213 
35 67 837 
35 68 662 
35 69 851 
35 70 593 
35 71 630 
35 72 352 
35 73 762 
35 74 513 
35 75 994 
35 76 398 
35 77 380 
35 78 484 
35 79 577 
35 80 955 
35 81 961 
35 82 938 
35 83 964 
35 84 904 
35 85 984 
35 86 950 
35 87 955 
35 88 953 
35 89 924 
35 90 905 
35 91 918 
35 92 987 
35 93 998 
35 94 952 
35 95 966 
35 96 961 
35 97 905 
35 98 925 
35 99 918 
35 100 982 
36 37 686 
36 38 474 
36 39 424 
36 40 492 
36 41 753 
36 42 334 
36 43 759 
36 44 411 
36 45 593 
36 46 516 
36 47 359 
36 48 896 
36 49 383 
36 50 216 
36 51 319 
36 52 288 
36 53 237 
36 54 467 
36 55 330 
36 56 245 
36 57 576 
36 58 261 
36 59 254 
36 60 932 
36 61 243 
36 62 865 
36 63 457 
36 64 511 
36 65 460 
36 66 603 
36 67 736 
36 68 858 
36 69 575 
36 70 354 
36 71 296 
36 72 942 
36 73 452 
36 74 894 
36 75 448 
36 76 688 
36 77 506 
36 78 424 
36 79 788 
36 80 978 
36 81 963 
36 82 975 
36 83 933 
36 84 947 
36 85 968 
36 86 949 
36 87 923 
36 88 970 
36 89 973 
36 90 985 
36 91 944 
36 92 939 
36 93 916 
36 94 946 
36 95 924 
36 96 929 
36 97 990 
36 98 919 
36 99 997 
36 100 998 
37 38 367 
37 39 440 
37 40 972 
37 41 291 
37 42 911 
37 43 663 
37 44 255 
37 45 299 
37 46 936 
37 47 737 
37 48 480 
37 49 345 
37 50 989 
37 51 376 
37 52 976 
37 53 306 
37 54 446 
37 55 838 
37 56 561 
37 57 961 
37 58 445 
37 59 232 
37 60 320 
37 61 447 
37 62 784 
37 63 794 
37 64 210 
37 65 963 
37 66 843 
37 67 929 
37 68 848 
37 69 687 
37 70 891 
37 71 730 
37 72 434 
37 73 310 
37 74 867 
37 75 805 
37 76 317 
37 77 335 
37 78 790 
37 79 529 
37 80 953 
37 81 982 
37 82 910 
37 83 996 
37 84 921 
37 85 929 
37 86 972 
37 87 921 
37 88 972 
37 89 925 
37 90 950 
37 91 936 
37 92 990 
37 93 908 
37 94 997 
37 95 958 
37 96 987 
37 97 921 
37 98 947 
37 99 979 
37 100 940 
38 39 796 
38 40 570 
38 41 889 
38 42 838 
38 43 511 
38 44 821 
38 45 214 
38 46 533 
38 47 438 
38 48 734 
38 49 768 
38 50 481 
38 51 556 
38 52 293 
38 53 745 
38 54 234 
38 55 772 
38 56 857 
38 57 229 
38 58 765 
38 59 852 
38 60 399 
38 61 957 
38 62 540 
38 63 612 
38 64 882 
38 65 627 
38 66 686 
38 67 869 
38 68 654 
38 69 824 
38 70 615 
38 71 401 
38 72 762 
38 73 975 
38 74 82 
38 75 278 
38 76 615 
38 77 200 
38 78 671 
38 79 593 
38 80 945 
38 81 963 
38 82 924 
38 83 923 
38 84 960 
38 85 934 
38 86 979 
38 87 962 
38 88 971 
38 89 942 
38 90 988 
38 91 938 
38 92 983 
38 93 959 
38 94 918 
38 95 926 
38 96 994 
38 97 971 
38 98 993 
38 99 922 
38 100 930 
39 40 226 
39 41 750 
39 42 379 
39 43 705 
39 44 574 
39 45 691 
39 46 594 
39 47 845 
39 48 779 
39 49 633 
39 50 277 
39 51 679 
39 52 461 
39 53 812 
39 54 684 
39 55 344 
39 56 217 
39 57 430 
39 58 919 
39 59 491 
39 60 751 
39 61 416 
39 62 454 
39 63 477 
39 64 567 
39 65 304 
39 66 471 
39 67 512 
39 68 254 
39 69 517 
39 70 371 
39 71 242 
39 72 493 
39 73 364 
39 74 710 
39 75 225 
39 76 878 
39 77 864 
39 78 898 
39 79 410 
39 80 974 
39 81 957 
39 82 952 
39 83 978 
39 84 965 
39 85 957 
39 86 938 
39 87 919 
39 88 988 
39 89 968 
39 90 966 
39 91 929 
39 92 912 
39 93 964 
39 94 941 
39 95 946 
39 96 998 
39 97 990 
39 98 978 
39 99 904 
39 100 926 
40 41 606 
40 42 954 
40 43 307 
40 44 598 
40 45 753 
40 46 382 
40 47 993 
40 48 324 
40 49 840 
40 50 834 
40 51 552 
40 52 436 
40 53 466 
40 54 349 
40 55 695 
40 56 968 
40 57 742 
40 58 500 
40 59 490 
40 60 315 
40 61 957 
40 62 547 
40 63 935 
40 64 623 
40 65 719 
40 66 781 
40 67 251 
40 68 920 
40 69 500 
40 70 547 
40 71 722 
40 72 394 
40 73 438 
40 74 439 
40 75 952 
40 76 419 
40 77 505 
40 78 606 
40 79 307 
40 80 973 
40 81 909 
40 82 987 
40 83 900 
40 84 951 
40 85 952 
40 86 936 
40 87 942 
40 88 905 
40 89 977 
40 90 979 
40 91 928 
40 92 920 
40 93 921 
40 94 948 
40 95 939 
40 96 956 
40 97 923 
40 98 973 
40 99 973 
40 100 929 
41 42 1 
41 43 50 
41 44 33 
41 45 52 
41 46 98 
41 47 376 
41 48 714 
41 49 294 
41 50 221 
41 51 801 
41 52 840 
41 53 222 
41 54 835 
41 55 931 
41 56 214 
41 57 446 
41 58 959 
41 59 865 
41 60 411 
41 61 538 
41 62 885 
41 63 257 
41 64 992 
41 65 298 
41 66 399 
41 67 704 
41 68 295 
41 69 343 
41 70 505 
41 71 277 
41 72 972 
41 73 325 
41 74 636 
41 75 262 
41 76 348 
41 77 451 
41 78 315 
41 79 813 
41 80 926 
41 81 86 
41 82 924 
41 83 975 
41 84 918 
41 85 998 
41 86 69 
41 87 918 
41 88 995 
41 89 917 
41 90 915 
41 91 914 
41 92 984 
41 93 979 
41 94 918 
41 95 933 
41 96 925 
41 97 962 
41 98 903 
41 99 943 
41 100 904 
42 43 216 
42 44 371 
42 45 271 
42 46 393 
42 47 360 
42 48 441 
42 49 259 
42 50 548 
42 51 415 
42 52 326 
42 53 654 
42 54 263 
42 55 466 
42 56 610 
42 57 980 
42 58 544 
42 59 408 
42 60 668 
42 61 380 
42 62 815 
42 63 481 
42 64 561 
42 65 847 
42 66 851 
42 67 342 
42 68 573 
42 69 694 
42 70 215 
42 71 212 
42 72 357 
42 73 976 
42 74 860 
42 75 296 
42 76 608 
42 77 565 
42 78 388 
42 79 969 
42 80 988 
42 81 943 
42 82 972 
42 83 951 
42 84 998 
42 85 991 
42 86 979 
42 87 958 
42 88 916 
42 89 929 
42 90 990 
42 91 987 
42 92 933 
42 93 954 
42 94 983 
42 95 916 
42 96 917 
42 97 945 
42 98 946 
42 99 943 
42 100 984 
43 44 584 
43 45 686 
43 46 452 
43 47 921 
43 48 645 
43 49 976 
43 50 712 
43 51 761 
43 52 724 
43 53 477 
43 54 899 
43 55 975 
43 56 762 
43 57 697 
43 58 925 
43 59 632 
43 60 683 
43 61 589 
43 62 987 
43 63 461 
43 64 632 
43 65 414 
43 66 525 
43 67 984 
43 68 668 
43 69 714 
43 70 986 
43 71 883 
43 72 805 
43 73 552 
43 74 588 
43 75 59 
43 76 677 
43 77 802 
43 78 540 
43 79 955 
43 80 986 
43 81 921 
43 82 957 
43 83 919 
43 84 952 
43 85 919 
43 86 991 
43 87 990 
43 88 983 
43 89 998 
43 90 923 
43 91 928 
43 92 994 
43 93 917 
43 94 932 
43 95 999 
43 96 950 
43 97 903 
43 98 926 
43 99 901 
43 100 920 
44 45 283 
44 46 561 
44 47 605 
44 48 378 
44 49 392 
44 50 743 
44 51 903 
44 52 483 
44 53 540 
44 54 540 
44 55 575 
44 56 772 
44 57 550 
44 58 859 
44 59 235 
44 60 870 
44 61 553 
44 62 941 
44 63 973 
44 64 641 
44 65 672 
44 66 800 
44 67 290 
44 68 546 
44 69 881 
44 70 218 
44 71 927 
44 72 727 
44 73 210 
44 74 384 
44 75 711 
44 76 416 
44 77 895 
44 78 324 
44 79 972 
44 80 926 
44 81 911 
44 82 978 
44 83 979 
44 84 975 
44 85 996 
44 86 907 
44 87 903 
44 88 949 
44 89 900 
44 90 909 
44 91 969 
44 92 976 
44 93 965 
44 94 969 
44 95 912 
44 96 955 
44 97 939 
44 98 967 
44 99 938 
44 100 971 
45 46 854 
45 47 887 
45 48 434 
45 49 651 
45 50 472 
45 51 729 
45 52 922 
45 53 486 
45 54 218 
45 55 929 
45 56 283 
45 57 223 
45 58 268 
45 59 450 
45 60 660 
45 61 858 
45 62 875 
45 63 483 
45 64 809 
45 65 432 
45 66 234 
45 67 602 
45 68 759 
45 69 210 
45 70 702 
45 71 330 
45 72 856 
45 73 452 
45 74 876 
45 75 859 
45 76 373 
45 77 693 
45 78 467 
45 79 829 
45 80 949 
45 81 964 
45 82 900 
45 83 978 
45 84 993 
45 85 969 
45 86 989 
45 87 986 
45 88 932 
45 89 957 
45 90 938 
45 91 985 
45 92 944 
45 93 939 
45 94 973 
45 95 975 
45 96 978 
45 97 943 
45 98 943 
45 99 910 
45 100 942 
46 47 975 
46 48 416 
46 49 921 
46 50 444 
46 51 844 
46 52 420 
46 53 759 
46 54 323 
46 55 450 
46 56 964 
46 57 292 
46 58 593 
46 59 869 
46 60 413 
46 61 930 
46 62 283 
46 63 624 
46 64 267 
46 65 266 
46 66 870 
46 67 660 
46 68 666 
46 69 472 
46 70 515 
46 71 484 
46 72 557 
46 73 887 
46 74 489 
46 75 733 
46 76 369 
46 77 906 
46 78 564 
46 79 278 
46 80 955 
46 81 999 
46 82 909 
46 83 984 
46 84 906 
46 85 976 
46 86 953 
46 87 985 
46 88 906 
46 89 969 
46 90 911 
46 91 926 
46 92 937 
46 93 942 
46 94 998 
46 95 978 
46 96 953 
46 97 958 
46 98 984 
46 99 979 
46 100 992 
47 48 88 
47 49 32 
47 50 73 
47 51 45 
47 52 99 
47 53 926 
47 54 832 
47 55 863 
47 56 203 
47 57 691 
47 58 789 
47 59 610 
47 60 265 
47 61 463 
47 62 903 
47 63 395 
47 64 504 
47 65 431 
47 66 479 
47 67 958 
47 68 908 
47 69 459 
47 70 732 
47 71 717 
47 72 810 
47 73 847 
47 74 831 
47 75 278 
47 76 475 
47 77 985 
47 78 280 
47 79 639 
47 80 915 
47 81 999 
47 82 922 
47 83 958 
47 84 966 
47 85 927 
47 86 917 
47 87 965 
47 88 968 
47 89 968 
47 90 908 
47 91 985 
47 92 997 
47 93 936 
47 94 995 
47 95 949 
47 96 932 
47 97 89 
47 98 959 
47 99 60 
47 100 73 
48 49 818 
48 50 887 
48 51 723 
48 52 658 
48 53 925 
48 54 446 
48 55 386 
48 56 472 
48 57 878 
48 58 491 
48 59 362 
48 60 631 
48 61 230 
48 62 698 
48 63 973 
48 64 555 
48 65 294 
48 66 456 
48 67 858 
48 68 262 
48 69 533 
48 70 904 
48 71 406 
48 72 551 
48 73 752 
48 74 423 
48 75 265 
48 76 987 
48 77 501 
48 78 929 
48 79 77 
48 80 977 
48 81 926 
48 82 903 
48 83 907 
48 84 956 
48 85 954 
48 86 965 
48 87 945 
48 88 937 
48 89 924 
48 90 913 
48 91 922 
48 92 963 
48 93 958 
48 94 918 
48 95 949 
48 96 937 
48 97 921 
48 98 913 
48 99 961 
48 100 916 
49 50 872 
49 51 407 
49 52 430 
49 53 416 
49 54 902 
49 55 945 
49 56 510 
49 57 408 
49 58 282 
49 59 833 
49 60 908 
49 61 963 
49 62 398 
49 63 282 
49 64 595 
49 65 381 
49 66 557 
49 67 840 
49 68 517 
49 69 383 
49 70 394 
49 71 201 
49 72 707 
49 73 636 
49 74 273 
49 75 556 
49 76 350 
49 77 381 
49 78 590 
49 79 203 
49 80 968 
49 81 992 
49 82 980 
49 83 920 
49 84 980 
49 85 963 
49 86 908 
49 87 908 
49 88 945 
49 89 904 
49 90 978 
49 91 921 
49 92 923 
49 93 975 
49 94 974 
49 95 936 
49 96 980 
49 97 968 
49 98 914 
49 99 915 
49 100 967 
50 51 714 
50 52 316 
50 53 287 
50 54 967 
50 55 296 
50 56 643 
50 57 986 
50 58 743 
50 59 560 
50 60 675 
50 61 926 
50 62 752 
50 63 288 
50 64 371 
50 65 315 
50 66 323 
50 67 774 
50 68 655 
50 69 320 
50 70 730 
50 71 943 
50 72 524 
50 73 552 
50 74 545 
50 75 846 
50 76 220 
50 77 932 
50 78 692 
50 79 460 
50 80 911 
50 81 984 
50 82 985 
50 83 938 
50 84 941 
50 85 999 
50 86 910 
50 87 921 
50 88 987 
50 89 954 
50 90 923 
50 91 992 
50 92 977 
50 93 913 
50 94 924 
50 95 942 
50 96 956 
50 97 998 
50 98 931 
50 99 983 
50 100 994 
51 52 358 
51 53 423 
51 54 380 
51 55 499 
51 56 611 
51 57 500 
51 58 904 
51 59 728 
51 60 505 
51 61 488 
51 62 237 
51 63 875 
51 64 215 
51 65 743 
51 66 478 
51 67 895 
51 68 596 
51 69 391 
51 70 970 
51 71 794 
51 72 200 
51 73 478 
51 74 377 
51 75 795 
51 76 712 
51 77 556 
51 78 420 
51 79 303 
51 80 928 
51 81 915 
51 82 963 
51 83 901 
51 84 976 
51 85 921 
51 86 927 
51 87 905 
51 88 927 
51 89 960 
51 90 943 
51 91 919 
51 92 908 
51 93 966 
51 94 956 
51 95 984 
51 96 941 
51 97 919 
51 98 975 
51 99 902 
51 100 950 
52 53 322 
52 54 297 
52 55 694 
52 56 723 
52 57 444 
52 58 876 
52 59 231 
52 60 646 
52 61 941 
52 62 832 
52 63 242 
52 64 694 
52 65 760 
52 66 680 
52 67 732 
52 68 327 
52 69 429 
52 70 236 
52 71 867 
52 72 802 
52 73 702 
52 74 203 
52 75 999 
52 76 644 
52 77 929 
52 78 223 
52 79 412 
52 80 943 
52 81 902 
52 82 922 
52 83 935 
52 84 931 
52 85 936 
52 86 949 
52 87 995 
52 88 906 
52 89 956 
52 90 922 
52 91 995 
52 92 992 
52 93 901 
52 94 949 
52 95 930 
52 96 986 
52 97 905 
52 98 959 
52 99 908 
52 100 903 
53 54 18 
53 55 59 
53 56 0 
53 57 74 
53 58 68 
53 59 40 
53 60 49 
53 61 50 
53 62 74 
53 63 322 
53 64 426 
53 65 494 
53 66 715 
53 67 669 
53 68 646 
53 69 661 
53 70 876 
53 71 937 
53 72 279 
53 73 789 
53 74 228 
53 75 957 
53 76 371 
53 77 315 
53 78 318 
53 79 986 
53 80 953 
53 81 940 
53 82 988 
53 83 968 
53 84 990 
53 85 995 
53 86 991 
53 87 905 
53 88 71 
53 89 928 
53 90 929 
53 91 958 
53 92 931 
53 93 919 
53 94 950 
53 95 990 
53 96 994 
53 97 926 
53 98 964 
53 99 957 
53 100 938 
54 55 347 
54 56 433 
54 57 394 
54 58 828 
54 59 252 
54 60 455 
54 61 888 
54 62 866 
54 63 903 
54 64 958 
54 65 914 
54 66 861 
54 67 657 
54 68 698 
54 69 477 
54 70 922 
54 71 299 
54 72 485 
54 73 942 
54 74 208 
54 75 958 
54 76 931 
54 77 493 
54 78 520 
54 79 622 
54 80 967 
54 81 904 
54 82 964 
54 83 926 
54 84 948 
54 85 930 
54 86 966 
54 87 947 
54 88 935 
54 89 937 
54 90 940 
54 91 928 
54 92 903 
54 93 932 
54 94 957 
54 95 948 
54 96 942 
54 97 988 
54 98 907 
54 99 977 
54 100 963 
55 56 569 
55 57 938 
55 58 463 
55 59 300 
55 60 701 
55 61 674 
55 62 349 
55 63 760 
55 64 380 
55 65 752 
55 66 995 
55 67 220 
55 68 462 
55 69 915 
55 70 502 
55 71 970 
55 72 762 
55 73 675 
55 74 382 
55 75 369 
55 76 456 
55 77 754 
55 78 221 
55 79 450 
55 80 963 
55 81 953 
55 82 926 
55 83 902 
55 84 993 
55 85 997 
55 86 993 
55 87 958 
55 88 948 
55 89 968 
55 90 981 
55 91 907 
55 92 990 
55 93 975 
55 94 922 
55 95 995 
55 96 972 
55 97 912 
55 98 908 
55 99 952 
55 100 978 
56 57 778 
56 58 741 
56 59 288 
56 60 965 
56 61 393 
56 62 208 
56 63 615 
56 64 313 
56 65 817 
56 66 787 
56 67 340 
56 68 528 
56 69 413 
56 70 535 
56 71 918 
56 72 871 
56 73 385 
56 74 390 
56 75 946 
56 76 838 
56 77 569 
56 78 269 
56 79 278 
56 80 975 
56 81 942 
56 82 966 
56 83 988 
56 84 933 
56 85 912 
56 86 974 
56 87 955 
56 88 932 
56 89 926 
56 90 947 
56 91 960 
56 92 944 
56 93 943 
56 94 991 
56 95 918 
56 96 955 
56 97 931 
56 98 910 
56 99 907 
56 100 986 
57 58 316 
57 59 244 
57 60 338 
57 61 317 
57 62 344 
57 63 864 
57 64 469 
57 65 962 
57 66 711 
57 67 916 
57 68 776 
57 69 517 
57 70 337 
57 71 416 
57 72 463 
57 73 318 
57 74 913 
57 75 533 
57 76 790 
57 77 869 
57 78 888 
57 79 628 
57 80 940 
57 81 937 
57 82 980 
57 83 976 
57 84 935 
57 85 999 
57 86 941 
57 87 908 
57 88 944 
57 89 944 
57 90 969 
57 91 943 
57 92 905 
57 93 935 
57 94 957 
57 95 928 
57 96 900 
57 97 968 
57 98 991 
57 99 991 
57 100 925 
58 59 661 
58 60 413 
58 61 577 
58 62 343 
58 63 452 
58 64 611 
58 65 978 
58 66 833 
58 67 509 
58 68 218 
58 69 279 
58 70 807 
58 71 983 
58 72 948 
58 73 671 
58 74 539 
58 75 956 
58 76 481 
58 77 403 
58 78 413 
58 79 207 
58 80 913 
58 81 987 
58 82 930 
58 83 983 
58 84 990 
58 85 975 
58 86 955 
58 87 911 
58 88 986 
58 89 936 
58 90 928 
58 91 983 
58 92 969 
58 93 958 
58 94 906 
58 95 997 
58 96 988 
58 97 957 
58 98 948 
58 99 919 
58 100 987 
59 60 440 
59 61 378 
59 62 480 
59 63 640 
59 64 614 
59 65 334 
59 66 413 
59 67 427 
59 68 664 
59 69 283 
59 70 601 
59 71 659 
59 72 682 
59 73 253 
59 74 343 
59 75 578 
59 76 621 
59 77 279 
59 78 926 
59 79 509 
59 80 908 
59 81 924 
59 82 963 
59 83 910 
59 84 971 
59 85 905 
59 86 958 
59 87 930 
59 88 964 
59 89 915 
59 90 922 
59 91 946 
59 92 998 
59 93 942 
59 94 995 
59 95 934 
59 96 982 
59 97 906 
59 98 962 
59 99 938 
59 100 945 
60 61 603 
60 62 979 
60 63 809 
60 64 649 
60 65 763 
60 66 733 
60 67 209 
60 68 961 
60 69 498 
60 70 861 
60 71 539 
60 72 850 
60 73 943 
60 74 696 
60 75 512 
60 76 764 
60 77 341 
60 78 870 
60 79 416 
60 80 929 
60 81 974 
60 82 913 
60 83 909 
60 84 916 
60 85 919 
60 86 918 
60 87 961 
60 88 943 
60 89 968 
60 90 980 
60 91 919 
60 92 914 
60 93 922 
60 94 970 
60 95 902 
60 96 902 
60 97 956 
60 98 915 
60 99 971 
60 100 960 
61 62 297 
61 63 519 
61 64 882 
61 65 902 
61 66 779 
61 67 757 
61 68 532 
61 69 377 
61 70 664 
61 71 713 
61 72 781 
61 73 264 
61 74 516 
61 75 463 
61 76 487 
61 77 275 
61 78 770 
61 79 520 
61 80 902 
61 81 943 
61 82 920 
61 83 925 
61 84 912 
61 85 913 
61 86 946 
61 87 916 
61 88 927 
61 89 927 
61 90 945 
61 91 969 
61 92 936 
61 93 945 
61 94 971 
61 95 981 
61 96 944 
61 97 969 
61 98 928 
61 99 954 
61 100 903 
62 63 650 
62 64 282 
62 65 634 
62 66 558 
62 67 542 
62 68 230 
62 69 681 
62 70 580 
62 71 932 
62 72 953 
62 73 540 
62 74 965 
62 75 436 
62 76 598 
62 77 298 
62 78 393 
62 79 788 
62 80 993 
62 81 971 
62 82 923 
62 83 955 
62 84 969 
62 85 904 
62 86 907 
62 87 927 
62 88 988 
62 89 921 
62 90 929 
62 91 940 
62 92 981 
62 93 934 
62 94 948 
62 95 909 
62 96 973 
62 97 927 
62 98 956 
62 99 944 
62 100 978 
63 64 92 
63 65 45 
63 66 66 
63 67 50 
63 68 12 
63 69 43 
63 70 977 
63 71 980 
63 72 759 
63 73 989 
63 74 725 
63 75 797 
63 76 493 
63 77 461 
63 78 246 
63 79 618 
63 80 928 
63 81 911 
63 82 926 
63 83 988 
63 84 963 
63 85 913 
63 86 945 
63 87 918 
63 88 999 
63 89 967 
63 90 991 
63 91 913 
63 92 994 
63 93 94 
63 94 939 
63 95 970 
63 96 900 
63 97 981 
63 98 977 
63 99 925 
63 100 977 
64 65 560 
64 66 523 
64 67 861 
64 68 472 
64 69 884 
64 70 511 
64 71 781 
64 72 608 
64 73 427 
64 74 749 
64 75 887 
64 76 972 
64 77 814 
64 78 630 
64 79 259 
64 80 963 
64 81 910 
64 82 916 
64 83 925 
64 84 907 
64 85 975 
64 86 921 
64 87 993 
64 88 948 
64 89 937 
64 90 952 
64 91 951 
64 92 943 
64 93 986 
64 94 959 
64 95 962 
64 96 988 
64 97 910 
64 98 999 
64 99 959 
64 100 965 
65 66 342 
65 67 301 
65 68 493 
65 69 281 
65 70 452 
65 71 854 
65 72 474 
65 73 722 
65 74 294 
65 75 998 
65 76 592 
65 77 706 
65 78 331 
65 79 979 
65 80 937 
65 81 938 
65 82 936 
65 83 949 
65 84 900 
65 85 930 
65 86 995 
65 87 972 
65 88 953 
65 89 917 
65 90 902 
65 91 906 
65 92 971 
65 93 974 
65 94 961 
65 95 944 
65 96 979 
65 97 969 
65 98 942 
65 99 979 
65 100 924 
66 67 558 
66 68 449 
66 69 583 
66 70 501 
66 71 696 
66 72 350 
66 73 805 
66 74 824 
66 75 371 
66 76 707 
66 77 555 
66 78 227 
66 79 675 
66 80 957 
66 81 980 
66 82 901 
66 83 904 
66 84 957 
66 85 904 
66 86 910 
66 87 923 
66 88 959 
66 89 913 
66 90 939 
66 91 970 
66 92 923 
66 93 966 
66 94 995 
66 95 973 
66 96 923 
66 97 908 
66 98 954 
66 99 910 
66 100 906 
67 68 774 
67 69 915 
67 70 646 
67 71 997 
67 72 565 
67 73 259 
67 74 421 
67 75 459 
67 76 479 
67 77 273 
67 78 806 
67 79 379 
67 80 926 
67 81 947 
67 82 932 
67 83 901 
67 84 983 
67 85 966 
67 86 905 
67 87 998 
67 88 976 
67 89 966 
67 90 925 
67 91 948 
67 92 985 
67 93 954 
67 94 907 
67 95 973 
67 96 947 
67 97 966 
67 98 935 
67 99 931 
67 100 928 
68 69 514 
68 70 600 
68 71 508 
68 72 422 
68 73 729 
68 74 505 
68 75 722 
68 76 553 
68 77 833 
68 78 850 
68 79 822 
68 80 977 
68 81 923 
68 82 973 
68 83 908 
68 84 961 
68 85 996 
68 86 949 
68 87 910 
68 88 966 
68 89 974 
68 90 966 
68 91 928 
68 92 999 
68 93 988 
68 94 965 
68 95 992 
68 96 940 
68 97 989 
68 98 986 
68 99 934 
68 100 982 
69 70 261 
69 71 559 
69 72 447 
69 73 683 
69 74 319 
69 75 244 
69 76 723 
69 77 333 
69 78 791 
69 79 651 
69 80 948 
69 81 959 
69 82 930 
69 83 915 
69 84 937 
69 85 915 
69 86 974 
69 87 981 
69 88 900 
69 89 924 
69 90 973 
69 91 909 
69 92 992 
69 93 906 
69 94 917 
69 95 941 
69 96 967 
69 97 904 
69 98 964 
69 99 927 
69 100 936 
70 71 30 
70 72 64 
70 73 43 
70 74 26 
70 75 22 
70 76 5 
70 77 13 
70 78 78 
70 79 98 
70 80 980 
70 81 918 
70 82 958 
70 83 959 
70 84 987 
70 85 927 
70 86 943 
70 87 911 
70 88 946 
70 89 921 
70 90 968 
70 91 988 
70 92 994 
70 93 919 
70 94 982 
70 95 97 
70 96 939 
70 97 960 
70 98 945 
70 99 985 
70 100 902 
71 72 533 
71 73 578 
71 74 777 
71 75 584 
71 76 955 
71 77 421 
71 78 966 
71 79 609 
71 80 976 
71 81 962 
71 82 943 
71 83 915 
71 84 985 
71 85 996 
71 86 985 
71 87 997 
71 88 911 
71 89 952 
71 90 994 
71 91 976 
71 92 921 
71 93 951 
71 94 998 
71 95 936 
71 96 945 
71 97 954 
71 98 963 
71 99 954 
71 100 911 
72 73 935 
72 74 530 
72 75 975 
72 76 409 
72 77 484 
72 78 208 
72 79 278 
72 80 904 
72 81 993 
72 82 991 
72 83 945 
72 84 909 
72 85 987 
72 86 954 
72 87 938 
72 88 923 
72 89 913 
72 90 919 
72 91 966 
72 92 986 
72 93 942 
72 94 973 
72 95 973 
72 96 906 
72 97 975 
72 98 903 
72 99 981 
72 100 903 
73 74 337 
73 75 286 
73 76 546 
73 77 789 
73 78 270 
73 79 773 
73 80 948 
73 81 934 
73 82 915 
73 83 954 
73 84 951 
73 85 991 
73 86 926 
73 87 942 
73 88 961 
73 89 982 
73 90 917 
73 91 996 
73 92 902 
73 93 989 
73 94 931 
73 95 909 
73 96 974 
73 97 935 
73 98 907 
73 99 939 
73 100 987 
74 75 812 
74 76 395 
74 77 200 
74 78 736 
74 79 805 
74 80 987 
74 81 984 
74 82 969 
74 83 960 
74 84 953 
74 85 981 
74 86 908 
74 87 995 
74 88 987 
74 89 946 
74 90 919 
74 91 929 
74 92 967 
74 93 987 
74 94 933 
74 95 939 
74 96 930 
74 97 966 
74 98 900 
74 99 906 
74 100 942 
75 76 314 
75 77 887 
75 78 336 
75 79 545 
75 80 943 
75 81 954 
75 82 948 
75 83 997 
75 84 933 
75 85 973 
75 86 930 
75 87 999 
75 88 949 
75 89 927 
75 90 922 
75 91 932 
75 92 917 
75 93 988 
75 94 965 
75 95 960 
75 96 982 
75 97 946 
75 98 908 
75 99 963 
75 100 972 
76 77 258 
76 78 573 
76 79 908 
76 80 903 
76 81 926 
76 82 967 
76 83 933 
76 84 933 
76 85 942 
76 86 979 
76 87 954 
76 88 935 
76 89 995 
76 90 925 
76 91 906 
76 92 939 
76 93 964 
76 94 995 
76 95 970 
76 96 923 
76 97 921 
76 98 989 
76 99 913 
76 100 933 
77 78 924 
77 79 251 
77 80 926 
77 81 925 
77 82 923 
77 83 928 
77 84 925 
77 85 975 
77 86 999 
77 87 943 
77 88 975 
77 89 967 
77 90 901 
77 91 916 
77 92 911 
77 93 985 
77 94 935 
77 95 907 
77 96 903 
77 97 926 
77 98 910 
77 99 908 
77 100 950 
78 79 948 
78 80 963 
78 81 902 
78 82 929 
78 83 995 
78 84 908 
78 85 936 
78 86 945 
78 87 923 
78 88 919 
78 89 901 
78 90 997 
78 91 940 
78 92 941 
78 93 948 
78 94 969 
78 95 965 
78 96 967 
78 97 934 
78 98 918 
78 99 984 
78 100 984 
79 80 989 
79 81 973 
79 82 901 
79 83 983 
79 84 964 
79 85 968 
79 86 935 
79 87 989 
79 88 988 
79 89 948 
79 90 958 
79 91 938 
79 92 960 
79 93 981 
79 94 926 
79 95 912 
79 96 970 
79 97 971 
79 98 988 
79 99 957 
79 100 956 
80 81 944 
80 82 928 
80 83 921 
80 84 908 
80 85 903 
80 86 979 
80 87 971 
80 88 987 
80 89 912 
80 90 985 
80 91 931 
80 92 998 
80 93 975 
80 94 966 
80 95 946 
80 96 915 
80 97 970 
80 98 962 
80 99 925 
80 100 984 
81 82 972 
81 83 997 
81 84 917 
81 85 905 
81 86 964 
81 87 980 
81 88 973 
81 89 930 
81 90 939 
81 91 937 
81 92 939 
81 93 909 
81 94 982 
81 95 919 
81 96 945 
81 97 953 
81 98 942 
81 99 916 
81 100 993 
82 83 942 
82 84 918 
82 85 935 
82 86 986 
82 87 915 
82 88 988 
82 89 982 
82 90 944 
82 91 946 
82 92 957 
82 93 922 
82 94 976 
82 95 948 
82 96 991 
82 97 907 
82 98 957 
82 99 915 
82 100 962 
83 84 971 
83 85 989 
83 86 909 
83 87 905 
83 88 904 
83 89 945 
83 90 943 
83 91 982 
83 92 942 
83 93 931 
83 94 965 
83 95 992 
83 96 997 
83 97 997 
83 98 981 
83 99 982 
83 100 963 
84 85 955 
84 86 997 
84 87 949 
84 88 939 
84 89 911 
84 90 990 
84 91 980 
84 92 979 
84 93 919 
84 94 971 
84 95 984 
84 96 997 
84 97 992 
84 98 904 
84 99 905 
84 100 925 
85 86 925 
85 87 972 
85 88 959 
85 89 936 
85 90 969 
85 91 913 
85 92 988 
85 93 966 
85 94 909 
85 95 934 
85 96 942 
85 97 949 
85 98 905 
85 99 926 
85 100 920 
86 87 901 
86 88 955 
86 89 957 
86 90 968 
86 91 949 
86 92 974 
86 93 915 
86 94 904 
86 95 913 
86 96 958 
86 97 939 
86 98 990 
86 99 975 
86 100 909 
87 88 969 
87 89 967 
87 90 994 
87 91 908 
87 92 971 
87 93 907 
87 94 901 
87 95 975 
87 96 964 
87 97 971 
87 98 908 
87 99 911 
87 100 959 
88 89 922 
88 90 992 
88 91 983 
88 92 967 
88 93 959 
88 94 916 
88 95 902 
88 96 902 
88 97 994 
88 98 931 
88 99 990 
88 100 968 
89 90 935 
89 91 905 
89 92 970 
89 93 919 
89 94 984 
89 95 992 
89 96 937 
89 97 979 
89 98 995 
89 99 910 
89 100 974 
90 91 900 
90 92 976 
90 93 947 
90 94 929 
90 95 953 
90 96 933 
90 97 994 
90 98 935 
90 99 947 
90 100 914 
91 92 935 
91 93 901 
91 94 909 
91 95 993 
91 96 926 
91 97 936 
91 98 959 
91 99 931 
91 100 975 
92 93 910 
92 94 945 
92 95 905 
92 96 932 
92 97 932 
92 98 994 
92 99 945 
92 100 972 
93 94 967 
93 95 940 
93 96 972 
93 97 979 
93 98 958 
93 99 944 
93 100 920 
94 95 952 
94 96 921 
94 97 947 
94 98 948 
94 99 982 
94 100 992 
95 96 910 
95 97 998 
95 98 916 
95 99 941 
95 100 968 
96 97 913 
96 98 994 
96 99 906 
96 100 916 
97 98 926 
97 99 981 
97 100 971 
98 99 918 
98 100 985 
99 100 946 
