100 3
1   1
2   0 
3   0
4   0
5   0
6   0
7   1
8   1
9   0
10  0
11  1
12  0
13  0
14  1
15  1
16  0
17  0
18  0
19  0
20  0
21  0
22  0
23  1
24  1
25  0
26  0
27  0
28  0
29  0
30  1
31  0
32  0
33  0
34  0
35  0
36  0
37  0
38  1
39  1
40  0
41  0
42  0
43  0
44  0
45  1
46  0
47  0
48  0
49  1
50  0
51  1
52  0
53  0
54  0
55  0
56  0
57  0
58  0
59  1
60  0
61  0
62  0
63  1
64  0
65  0
66  0
67  1
68  0
69  0
70  1
71  0
72  0
73  0
74  0
75  0
76  0
77  1
78  0
79  0
80  0
81  0
82  0
83  0
84  1
85  0
86  0
87  0
88  0
89  0
90  0
91  0
92  0
93  0
94  0
95  0
96  0
97  0
98  0
99 0 
100 0 
1 2 49 
1 3 31 
1 4 83 
1 5 2 
1 6 47 
1 7 38 
1 8 868 
1 9 400 
1 10 944 
1 11 747 
1 12 792 
1 13 896 
1 14 315 
1 15 482 
1 16 225 
1 17 620 
1 18 476 
1 19 729 
1 20 592 
1 21 384 
1 22 564 
1 23 659 
1 24 587 
1 25 460 
1 26 926 
1 27 251 
1 28 613 
1 29 321 
1 30 667 
1 31 260 
1 32 670 
1 33 968 
1 34 283 
1 35 481 
1 36 665 
1 37 229 
1 38 683 
1 39 324 
1 40 419 
1 41 751 
1 42 385 
1 43 663 
1 44 764 
1 45 555 
1 46 201 
1 47 796 
1 48 525 
1 49 398 
1 50 589 
1 51 421 
1 52 360 
1 53 623 
1 54 709 
1 55 435 
1 56 765 
1 57 526 
1 58 228 
1 59 815 
1 60 355 
1 61 615 
1 62 606 
1 63 937 
1 64 832 
1 65 308 
1 66 795 
1 67 660 
1 68 574 
1 69 805 
1 70 349 
1 71 222 
1 72 718 
1 73 929 
1 74 337 
1 75 913 
1 76 762 
1 77 282 
1 78 471 
1 79 395 
1 80 844 
1 81 689 
1 82 945 
1 83 541 
1 84 959 
1 85 986 
1 86 941 
1 87 909 
1 88 986 
1 89 932 
1 90 923 
1 91 960 
1 92 87 
1 93 52 
1 94 76 
1 95 932 
1 96 958 
1 97 966 
1 98 906 
1 99 976 
1 100 909 
2 3 719 
2 4 301 
2 5 933 
2 6 457 
2 7 703 
2 8 659 
2 9 812 
2 10 869 
2 11 844 
2 12 365 
2 13 607 
2 14 802 
2 15 701 
2 16 602 
2 17 206 
2 18 878 
2 19 915 
2 20 241 
2 21 262 
2 22 896 
2 23 319 
2 24 44 
2 25 757 
2 26 751 
2 27 936 
2 28 931 
2 29 701 
2 30 453 
2 31 567 
2 32 399 
2 33 608 
2 34 471 
2 35 749 
2 36 952 
2 37 579 
2 38 898 
2 39 806 
2 40 920 
2 41 931 
2 42 330 
2 43 964 
2 44 520 
2 45 417 
2 46 285 
2 47 828 
2 48 413 
2 49 304 
2 50 424 
2 51 576 
2 52 709 
2 53 543 
2 54 981 
2 55 943 
2 56 993 
2 57 806 
2 58 235 
2 59 382 
2 60 736 
2 61 563 
2 62 901 
2 63 869 
2 64 351 
2 65 979 
2 66 366 
2 67 266 
2 68 514 
2 69 671 
2 70 289 
2 71 621 
2 72 433 
2 73 524 
2 74 258 
2 75 696 
2 76 562 
2 77 592 
2 78 443 
2 79 485 
2 80 267 
2 81 469 
2 82 281 
2 83 781 
2 84 885 
2 85 997 
2 86 926 
2 87 997 
2 88 952 
2 89 985 
2 90 905 
2 91 978 
2 92 908 
2 93 988 
2 94 908 
2 95 935 
2 96 945 
2 97 958 
2 98 984 
2 99 908 
2 100 941 
3 4 895 
3 5 931 
3 6 916 
3 7 318 
3 8 221 
3 9 221 
3 10 214 
3 11 807 
3 12 978 
3 13 448 
3 14 431 
3 15 632 
3 16 864 
3 17 375 
3 18 429 
3 19 901 
3 20 761 
3 21 954 
3 22 374 
3 23 385 
3 24 358 
3 25 555 
3 26 697 
3 27 804 
3 28 308 
3 29 402 
3 30 950 
3 31 510 
3 32 609 
3 33 313 
3 34 685 
3 35 409 
3 36 489 
3 37 583 
3 38 903 
3 39 624 
3 40 305 
3 41 700 
3 42 486 
3 43 561 
3 44 592 
3 45 593 
3 46 589 
3 47 756 
3 48 577 
3 49 589 
3 50 271 
3 51 856 
3 52 554 
3 53 422 
3 54 697 
3 55 354 
3 56 361 
3 57 478 
3 58 382 
3 59 885 
3 60 835 
3 61 602 
3 62 359 
3 63 688 
3 64 237 
3 65 993 
3 66 791 
3 67 298 
3 68 310 
3 69 793 
3 70 319 
3 71 494 
3 72 506 
3 73 897 
3 74 838 
3 75 726 
3 76 807 
3 77 749 
3 78 982 
3 79 393 
3 80 365 
3 81 293 
3 82 903 
3 83 565 
3 84 777 
3 85 934 
3 86 908 
3 87 921 
3 88 923 
3 89 954 
3 90 935 
3 91 910 
3 92 955 
3 93 953 
3 94 905 
3 95 992 
3 96 945 
3 97 934 
3 98 982 
3 99 914 
3 100 964 
4 5 541 
4 6 557 
4 7 203 
4 8 462 
4 9 786 
4 10 480 
4 11 253 
4 12 439 
4 13 330 
4 14 783 
4 15 599 
4 16 239 
4 17 392 
4 18 420 
4 19 672 
4 20 829 
4 21 402 
4 22 245 
4 23 976 
4 24 272 
4 25 771 
4 26 624 
4 27 943 
4 28 878 
4 29 814 
4 30 675 
4 31 209 
4 32 253 
4 33 345 
4 34 687 
4 35 819 
4 36 878 
4 37 310 
4 38 683 
4 39 724 
4 40 396 
4 41 640 
4 42 599 
4 43 499 
4 44 936 
4 45 794 
4 46 519 
4 47 973 
4 48 673 
4 49 551 
4 50 971 
4 51 563 
4 52 470 
4 53 233 
4 54 257 
4 55 205 
4 56 492 
4 57 218 
4 58 538 
4 59 786 
4 60 382 
4 61 940 
4 62 268 
4 63 226 
4 64 231 
4 65 801 
4 66 925 
4 67 489 
4 68 561 
4 69 777 
4 70 298 
4 71 468 
4 72 539 
4 73 735 
4 74 795 
4 75 561 
4 76 396 
4 77 419 
4 78 263 
4 79 360 
4 80 570 
4 81 309 
4 82 358 
4 83 379 
4 84 249 
4 85 950 
4 86 954 
4 87 959 
4 88 934 
4 89 915 
4 90 987 
4 91 908 
4 92 985 
4 93 933 
4 94 948 
4 95 998 
4 96 993 
4 97 934 
4 98 967 
4 99 903 
4 100 910 
5 6 726 
5 7 730 
5 8 415 
5 9 292 
5 10 799 
5 11 829 
5 12 248 
5 13 653 
5 14 958 
5 15 585 
5 16 662 
5 17 837 
5 18 820 
5 19 905 
5 20 721 
5 21 586 
5 22 879 
5 23 259 
5 24 613 
5 25 371 
5 26 232 
5 27 835 
5 28 813 
5 29 381 
5 30 316 
5 31 774 
5 32 577 
5 33 499 
5 34 843 
5 35 939 
5 36 272 
5 37 670 
5 38 946 
5 39 633 
5 40 829 
5 41 274 
5 42 777 
5 43 720 
5 44 761 
5 45 245 
5 46 988 
5 47 785 
5 48 291 
5 49 238 
5 50 426 
5 51 461 
5 52 737 
5 53 433 
5 54 799 
5 55 654 
5 56 829 
5 57 909 
5 58 530 
5 59 935 
5 60 577 
5 61 337 
5 62 477 
5 63 541 
5 64 561 
5 65 898 
5 66 960 
5 67 754 
5 68 234 
5 69 926 
5 70 533 
5 71 470 
5 72 894 
5 73 205 
5 74 849 
5 75 652 
5 76 365 
5 77 301 
5 78 831 
5 79 989 
5 80 418 
5 81 410 
5 82 348 
5 83 639 
5 84 435 
5 85 955 
5 86 958 
5 87 972 
5 88 954 
5 89 935 
5 90 960 
5 91 956 
5 92 923 
5 93 987 
5 94 917 
5 95 917 
5 96 989 
5 97 947 
5 98 906 
5 99 919 
5 100 956 
6 7 607 
6 8 274 
6 9 963 
6 10 278 
6 11 543 
6 12 725 
6 13 993 
6 14 515 
6 15 706 
6 16 447 
6 17 484 
6 18 910 
6 19 513 
6 20 940 
6 21 757 
6 22 833 
6 23 464 
6 24 950 
6 25 968 
6 26 987 
6 27 397 
6 28 782 
6 29 777 
6 30 811 
6 31 653 
6 32 510 
6 33 581 
6 34 235 
6 35 737 
6 36 545 
6 37 632 
6 38 221 
6 39 331 
6 40 991 
6 41 665 
6 42 582 
6 43 835 
6 44 650 
6 45 583 
6 46 300 
6 47 679 
6 48 858 
6 49 818 
6 50 849 
6 51 262 
6 52 360 
6 53 682 
6 54 717 
6 55 684 
6 56 909 
6 57 392 
6 58 845 
6 59 331 
6 60 472 
6 61 894 
6 62 461 
6 63 589 
6 64 594 
6 65 61 
6 66 576 
6 67 598 
6 68 572 
6 69 914 
6 70 847 
6 71 312 
6 72 685 
6 73 222 
6 74 873 
6 75 422 
6 76 720 
6 77 872 
6 78 594 
6 79 213 
6 80 505 
6 81 453 
6 82 224 
6 83 594 
6 84 204 
6 85 900 
6 86 999 
6 87 974 
6 88 908 
6 89 920 
6 90 930 
6 91 915 
6 92 931 
6 93 900 
6 94 905 
6 95 939 
6 96 937 
6 97 944 
6 98 957 
6 99 958 
6 100 904 
7 8 300 
7 9 842 
7 10 838 
7 11 746 
7 12 275 
7 13 366 
7 14 394 
7 15 925 
7 16 456 
7 17 517 
7 18 682 
7 19 485 
7 20 306 
7 21 519 
7 22 219 
7 23 705 
7 24 550 
7 25 605 
7 26 636 
7 27 605 
7 28 424 
7 29 491 
7 30 207 
7 31 670 
7 32 424 
7 33 666 
7 34 244 
7 35 718 
7 36 632 
7 37 646 
7 38 457 
7 39 328 
7 40 207 
7 41 364 
7 42 995 
7 43 962 
7 44 895 
7 45 978 
7 46 587 
7 47 605 
7 48 534 
7 49 372 
7 50 921 
7 51 270 
7 52 854 
7 53 817 
7 54 338 
7 55 202 
7 56 853 
7 57 442 
7 58 993 
7 59 916 
7 60 437 
7 61 790 
7 62 503 
7 63 262 
7 64 609 
7 65 246 
7 66 994 
7 67 544 
7 68 844 
7 69 956 
7 70 238 
7 71 403 
7 72 361 
7 73 489 
7 74 862 
7 75 333 
7 76 937 
7 77 779 
7 78 17 
7 79 872 
7 80 802 
7 81 409 
7 82 931 
7 83 500 
7 84 799 
7 85 913 
7 86 906 
7 87 991 
7 88 954 
7 89 976 
7 90 916 
7 91 950 
7 92 951 
7 93 963 
7 94 914 
7 95 947 
7 96 951 
7 97 998 
7 98 920 
7 99 967 
7 100 926 
8 9 70 
8 10 91 
8 11 37 
8 12 80 
8 13 34 
8 14 695 
8 15 312 
8 16 787 
8 17 430 
8 18 952 
8 19 669 
8 20 895 
8 21 328 
8 22 252 
8 23 771 
8 24 535 
8 25 478 
8 26 332 
8 27 831 
8 28 407 
8 29 966 
8 30 856 
8 31 825 
8 32 601 
8 33 934 
8 34 979 
8 35 441 
8 36 653 
8 37 417 
8 38 683 
8 39 786 
8 40 921 
8 41 484 
8 42 585 
8 43 651 
8 44 850 
8 45 944 
8 46 205 
8 47 338 
8 48 758 
8 49 965 
8 50 551 
8 51 384 
8 52 430 
8 53 243 
8 54 277 
8 55 330 
8 56 391 
8 57 608 
8 58 960 
8 59 332 
8 60 267 
8 61 216 
8 62 885 
8 63 822 
8 64 866 
8 65 632 
8 66 612 
8 67 884 
8 68 330 
8 69 824 
8 70 634 
8 71 478 
8 72 566 
8 73 892 
8 74 831 
8 75 996 
8 76 842 
8 77 569 
8 78 911 
8 79 760 
8 80 435 
8 81 552 
8 82 313 
8 83 824 
8 84 262 
8 85 966 
8 86 930 
8 87 948 
8 88 931 
8 89 933 
8 90 97 
8 91 994 
8 92 986 
8 93 930 
8 94 953 
8 95 956 
8 96 924 
8 97 955 
8 98 939 
8 99 991 
8 100 921 
9 10 716 
9 11 441 
9 12 962 
9 13 447 
9 14 611 
9 15 533 
9 16 407 
9 17 470 
9 18 686 
9 19 634 
9 20 874 
9 21 512 
9 22 576 
9 23 276 
9 24 369 
9 25 491 
9 26 457 
9 27 944 
9 28 296 
9 29 599 
9 30 736 
9 31 722 
9 32 550 
9 33 629 
9 34 626 
9 35 789 
9 36 641 
9 37 993 
9 38 909 
9 39 774 
9 40 416 
9 41 863 
9 42 427 
9 43 255 
9 44 292 
9 45 375 
9 46 351 
9 47 324 
9 48 694 
9 49 720 
9 50 289 
9 51 255 
9 52 847 
9 53 717 
9 54 857 
9 55 892 
9 56 489 
9 57 650 
9 58 268 
9 59 516 
9 60 648 
9 61 436 
9 62 938 
9 63 731 
9 64 904 
9 65 236 
9 66 724 
9 67 536 
9 68 742 
9 69 506 
9 70 526 
9 71 839 
9 72 558 
9 73 849 
9 74 808 
9 75 479 
9 76 808 
9 77 871 
9 78 300 
9 79 740 
9 80 641 
9 81 464 
9 82 359 
9 83 253 
9 84 763 
9 85 976 
9 86 990 
9 87 917 
9 88 949 
9 89 968 
9 90 986 
9 91 974 
9 92 918 
9 93 947 
9 94 980 
9 95 998 
9 96 973 
9 97 942 
9 98 968 
9 99 961 
9 100 912 
10 11 575 
10 12 632 
10 13 212 
10 14 755 
10 15 925 
10 16 506 
10 17 271 
10 18 438 
10 19 421 
10 20 785 
10 21 465 
10 22 835 
10 23 997 
10 24 822 
10 25 463 
10 26 351 
10 27 533 
10 28 898 
10 29 243 
10 30 667 
10 31 244 
10 32 380 
10 33 563 
10 34 293 
10 35 327 
10 36 899 
10 37 558 
10 38 850 
10 39 560 
10 40 954 
10 41 684 
10 42 742 
10 43 816 
10 44 598 
10 45 691 
10 46 521 
10 47 413 
10 48 265 
10 49 680 
10 50 329 
10 51 290 
10 52 205 
10 53 332 
10 54 463 
10 55 857 
10 56 303 
10 57 371 
10 58 355 
10 59 329 
10 60 225 
10 61 290 
10 62 671 
10 63 383 
10 64 222 
10 65 336 
10 66 597 
10 67 622 
10 68 762 
10 69 217 
10 70 863 
10 71 839 
10 72 849 
10 73 387 
10 74 905 
10 75 854 
10 76 460 
10 77 817 
10 78 289 
10 79 354 
10 80 435 
10 81 968 
10 82 954 
10 83 739 
10 84 598 
10 85 917 
10 86 947 
10 87 936 
10 88 911 
10 89 938 
10 90 964 
10 91 992 
10 92 986 
10 93 994 
10 94 931 
10 95 967 
10 96 949 
10 97 925 
10 98 911 
10 99 998 
10 100 958 
11 12 709 
11 13 323 
11 14 672 
11 15 378 
11 16 539 
11 17 972 
11 18 911 
11 19 579 
11 20 557 
11 21 913 
11 22 844 
11 23 997 
11 24 880 
11 25 397 
11 26 534 
11 27 843 
11 28 798 
11 29 672 
11 30 876 
11 31 580 
11 32 218 
11 33 668 
11 34 203 
11 35 625 
11 36 615 
11 37 275 
11 38 996 
11 39 527 
11 40 742 
11 41 673 
11 42 287 
11 43 837 
11 44 275 
11 45 664 
11 46 402 
11 47 236 
11 48 767 
11 49 879 
11 50 384 
11 51 705 
11 52 780 
11 53 682 
11 54 914 
11 55 396 
11 56 362 
11 57 904 
11 58 598 
11 59 365 
11 60 308 
11 61 783 
11 62 825 
11 63 236 
11 64 554 
11 65 407 
11 66 965 
11 67 605 
11 68 972 
11 69 377 
11 70 763 
11 71 405 
11 72 827 
11 73 341 
11 74 752 
11 75 464 
11 76 80 
11 77 207 
11 78 582 
11 79 455 
11 80 830 
11 81 440 
11 82 391 
11 83 882 
11 84 817 
11 85 955 
11 86 963 
11 87 935 
11 88 935 
11 89 900 
11 90 935 
11 91 903 
11 92 993 
11 93 921 
11 94 961 
11 95 961 
11 96 962 
11 97 939 
11 98 919 
11 99 999 
11 100 983 
12 13 470 
12 14 450 
12 15 552 
12 16 424 
12 17 567 
12 18 988 
12 19 805 
12 20 792 
12 21 564 
12 22 482 
12 23 676 
12 24 991 
12 25 554 
12 26 466 
12 27 670 
12 28 520 
12 29 985 
12 30 969 
12 31 223 
12 32 990 
12 33 734 
12 34 815 
12 35 972 
12 36 529 
12 37 720 
12 38 453 
12 39 279 
12 40 297 
12 41 925 
12 42 746 
12 43 830 
12 44 205 
12 45 867 
12 46 496 
12 47 200 
12 48 946 
12 49 430 
12 50 354 
12 51 477 
12 52 325 
12 53 309 
12 54 434 
12 55 935 
12 56 215 
12 57 594 
12 58 484 
12 59 940 
12 60 395 
12 61 709 
12 62 475 
12 63 552 
12 64 288 
12 65 487 
12 66 679 
12 67 781 
12 68 287 
12 69 559 
12 70 396 
12 71 666 
12 72 996 
12 73 743 
12 74 817 
12 75 349 
12 76 428 
12 77 748 
12 78 653 
12 79 872 
12 80 451 
12 81 936 
12 82 466 
12 83 692 
12 84 970 
12 85 913 
12 86 930 
12 87 939 
12 88 983 
12 89 959 
12 90 967 
12 91 944 
12 92 934 
12 93 958 
12 94 957 
12 95 988 
12 96 991 
12 97 948 
12 98 957 
12 99 926 
12 100 911 
13 14 527 
13 15 918 
13 16 248 
13 17 459 
13 18 571 
13 19 229 
13 20 424 
13 21 989 
13 22 840 
13 23 233 
13 24 270 
13 25 533 
13 26 303 
13 27 245 
13 28 969 
13 29 562 
13 30 739 
13 31 916 
13 32 616 
13 33 743 
13 34 429 
13 35 436 
13 36 581 
13 37 583 
13 38 392 
13 39 529 
13 40 257 
13 41 946 
13 42 956 
13 43 387 
13 44 323 
13 45 673 
13 46 731 
13 47 327 
13 48 337 
13 49 467 
13 50 829 
13 51 303 
13 52 362 
13 53 469 
13 54 507 
13 55 425 
13 56 905 
13 57 308 
13 58 973 
13 59 560 
13 60 858 
13 61 355 
13 62 645 
13 63 596 
13 64 441 
13 65 810 
13 66 840 
13 67 970 
13 68 399 
13 69 308 
13 70 912 
13 71 883 
13 72 524 
13 73 727 
13 74 579 
13 75 878 
13 76 803 
13 77 385 
13 78 240 
13 79 733 
13 80 232 
13 81 903 
13 82 399 
13 83 568 
13 84 522 
13 85 902 
13 86 957 
13 87 930 
13 88 957 
13 89 957 
13 90 924 
13 91 999 
13 92 928 
13 93 961 
13 94 980 
13 95 957 
13 96 997 
13 97 913 
13 98 971 
13 99 929 
13 100 947 
14 15 26 
14 16 96 
14 17 40 
14 18 68 
14 19 89 
14 20 76 
14 21 14 
14 22 65 
14 23 845 
14 24 438 
14 25 916 
14 26 560 
14 27 789 
14 28 314 
14 29 464 
14 30 822 
14 31 232 
14 32 460 
14 33 965 
14 34 324 
14 35 454 
14 36 879 
14 37 780 
14 38 531 
14 39 877 
14 40 219 
14 41 653 
14 42 479 
14 43 714 
14 44 212 
14 45 362 
14 46 618 
14 47 994 
14 48 871 
14 49 592 
14 50 310 
14 51 256 
14 52 329 
14 53 985 
14 54 896 
14 55 893 
14 56 463 
14 57 481 
14 58 253 
14 59 272 
14 60 557 
14 61 463 
14 62 534 
14 63 603 
14 64 400 
14 65 735 
14 66 963 
14 67 721 
14 68 539 
14 69 690 
14 70 233 
14 71 904 
14 72 962 
14 73 820 
14 74 211 
14 75 611 
14 76 775 
14 77 625 
14 78 689 
14 79 797 
14 80 407 
14 81 567 
14 82 851 
14 83 564 
14 84 452 
14 85 933 
14 86 915 
14 87 996 
14 88 945 
14 89 964 
14 90 921 
14 91 922 
14 92 957 
14 93 925 
14 94 916 
14 95 905 
14 96 903 
14 97 914 
14 98 67 
14 99 922 
14 100 906 
15 16 809 
15 17 804 
15 18 795 
15 19 417 
15 20 681 
15 21 871 
15 22 574 
15 23 319 
15 24 259 
15 25 690 
15 26 915 
15 27 586 
15 28 794 
15 29 397 
15 30 485 
15 31 227 
15 32 723 
15 33 489 
15 34 575 
15 35 988 
15 36 451 
15 37 480 
15 38 251 
15 39 981 
15 40 985 
15 41 592 
15 42 488 
15 43 505 
15 44 907 
15 45 951 
15 46 893 
15 47 983 
15 48 929 
15 49 558 
15 50 641 
15 51 961 
15 52 452 
15 53 581 
15 54 470 
15 55 231 
15 56 485 
15 57 578 
15 58 488 
15 59 273 
15 60 845 
15 61 537 
15 62 633 
15 63 767 
15 64 232 
15 65 906 
15 66 650 
15 67 449 
15 68 656 
15 69 990 
15 70 30 
15 71 617 
15 72 853 
15 73 923 
15 74 927 
15 75 477 
15 76 484 
15 77 739 
15 78 378 
15 79 562 
15 80 891 
15 81 761 
15 82 662 
15 83 421 
15 84 297 
15 85 918 
15 86 947 
15 87 913 
15 88 914 
15 89 964 
15 90 973 
15 91 986 
15 92 983 
15 93 971 
15 94 935 
15 95 958 
15 96 900 
15 97 951 
15 98 921 
15 99 931 
15 100 994 
16 17 746 
16 18 593 
16 19 687 
16 20 446 
16 21 269 
16 22 382 
16 23 242 
16 24 446 
16 25 273 
16 26 577 
16 27 581 
16 28 904 
16 29 265 
16 30 486 
16 31 287 
16 32 394 
16 33 628 
16 34 421 
16 35 613 
16 36 768 
16 37 782 
16 38 790 
16 39 339 
16 40 464 
16 41 537 
16 42 244 
16 43 812 
16 44 295 
16 45 521 
16 46 947 
16 47 705 
16 48 529 
16 49 594 
16 50 289 
16 51 675 
16 52 667 
16 53 370 
16 54 574 
16 55 778 
16 56 296 
16 57 510 
16 58 347 
16 59 961 
16 60 565 
16 61 301 
16 62 788 
16 63 856 
16 64 942 
16 65 902 
16 66 397 
16 67 935 
16 68 621 
16 69 203 
16 70 269 
16 71 354 
16 72 470 
16 73 355 
16 74 637 
16 75 737 
16 76 531 
16 77 552 
16 78 703 
16 79 461 
16 80 688 
16 81 341 
16 82 366 
16 83 810 
16 84 246 
16 85 974 
16 86 933 
16 87 903 
16 88 946 
16 89 996 
16 90 949 
16 91 927 
16 92 947 
16 93 938 
16 94 981 
16 95 979 
16 96 967 
16 97 971 
16 98 925 
16 99 912 
16 100 920 
17 18 877 
17 19 858 
17 20 327 
17 21 680 
17 22 299 
17 23 992 
17 24 934 
17 25 863 
17 26 717 
17 27 299 
17 28 331 
17 29 646 
17 30 768 
17 31 749 
17 32 967 
17 33 725 
17 34 426 
17 35 444 
17 36 610 
17 37 525 
17 38 793 
17 39 653 
17 40 523 
17 41 920 
17 42 495 
17 43 913 
17 44 831 
17 45 415 
17 46 778 
17 47 561 
17 48 314 
17 49 488 
17 50 245 
17 51 458 
17 52 928 
17 53 853 
17 54 465 
17 55 329 
17 56 875 
17 57 893 
17 58 321 
17 59 965 
17 60 690 
17 61 393 
17 62 920 
17 63 319 
17 64 414 
17 65 943 
17 66 450 
17 67 955 
17 68 300 
17 69 622 
17 70 469 
17 71 699 
17 72 577 
17 73 302 
17 74 790 
17 75 384 
17 76 496 
17 77 244 
17 78 747 
17 79 352 
17 80 973 
17 81 616 
17 82 324 
17 83 294 
17 84 528 
17 85 951 
17 86 901 
17 87 999 
17 88 900 
17 89 953 
17 90 942 
17 91 957 
17 92 926 
17 93 960 
17 94 914 
17 95 915 
17 96 932 
17 97 915 
17 98 974 
17 99 908 
17 100 958 
18 19 744 
18 20 712 
18 21 620 
18 22 520 
18 23 904 
18 24 512 
18 25 825 
18 26 516 
18 27 272 
18 28 806 
18 29 826 
18 30 834 
18 31 755 
18 32 940 
18 33 834 
18 34 887 
18 35 752 
18 36 941 
18 37 225 
18 38 891 
18 39 363 
18 40 436 
18 41 486 
18 42 345 
18 43 650 
18 44 430 
18 45 628 
18 46 858 
18 47 335 
18 48 592 
18 49 677 
18 50 876 
18 51 344 
18 52 391 
18 53 834 
18 54 757 
18 55 759 
18 56 996 
18 57 574 
18 58 666 
18 59 370 
18 60 452 
18 61 630 
18 62 845 
18 63 794 
18 64 928 
18 65 872 
18 66 474 
18 67 844 
18 68 217 
18 69 822 
18 70 785 
18 71 682 
18 72 834 
18 73 345 
18 74 433 
18 75 471 
18 76 395 
18 77 389 
18 78 761 
18 79 404 
18 80 593 
18 81 449 
18 82 493 
18 83 381 
18 84 903 
18 85 954 
18 86 914 
18 87 993 
18 88 902 
18 89 920 
18 90 994 
18 91 937 
18 92 991 
18 93 962 
18 94 958 
18 95 968 
18 96 953 
18 97 943 
18 98 967 
18 99 943 
18 100 930 
19 20 387 
19 21 330 
19 22 610 
19 23 930 
19 24 205 
19 25 298 
19 26 679 
19 27 264 
19 28 298 
19 29 950 
19 30 443 
19 31 502 
19 32 423 
19 33 335 
19 34 857 
19 35 723 
19 36 625 
19 37 795 
19 38 480 
19 39 280 
19 40 850 
19 41 624 
19 42 915 
19 43 956 
19 44 843 
19 45 898 
19 46 431 
19 47 769 
19 48 337 
19 49 876 
19 50 784 
19 51 992 
19 52 999 
19 53 607 
19 54 322 
19 55 981 
19 56 735 
19 57 846 
19 58 424 
19 59 426 
19 60 880 
19 61 342 
19 62 303 
19 63 453 
19 64 661 
19 65 718 
19 66 688 
19 67 657 
19 68 812 
19 69 850 
19 70 936 
19 71 397 
19 72 746 
19 73 654 
19 74 790 
19 75 503 
19 76 606 
19 77 237 
19 78 377 
19 79 790 
19 80 300 
19 81 320 
19 82 616 
19 83 649 
19 84 838 
19 85 956 
19 86 922 
19 87 970 
19 88 965 
19 89 961 
19 90 944 
19 91 994 
19 92 924 
19 93 979 
19 94 907 
19 95 935 
19 96 958 
19 97 936 
19 98 905 
19 99 963 
19 100 920 
20 21 909 
20 22 783 
20 23 435 
20 24 938 
20 25 349 
20 26 364 
20 27 708 
20 28 862 
20 29 835 
20 30 493 
20 31 934 
20 32 492 
20 33 973 
20 34 968 
20 35 204 
20 36 701 
20 37 332 
20 38 407 
20 39 442 
20 40 471 
20 41 996 
20 42 473 
20 43 244 
20 44 438 
20 45 307 
20 46 618 
20 47 456 
20 48 620 
20 49 897 
20 50 606 
20 51 347 
20 52 376 
20 53 779 
20 54 960 
20 55 949 
20 56 583 
20 57 847 
20 58 492 
20 59 588 
20 60 909 
20 61 599 
20 62 782 
20 63 592 
20 64 642 
20 65 390 
20 66 825 
20 67 891 
20 68 957 
20 69 611 
20 70 807 
20 71 535 
20 72 658 
20 73 329 
20 74 308 
20 75 301 
20 76 875 
20 77 618 
20 78 217 
20 79 433 
20 80 839 
20 81 583 
20 82 521 
20 83 974 
20 84 533 
20 85 934 
20 86 968 
20 87 934 
20 88 993 
20 89 994 
20 90 901 
20 91 927 
20 92 981 
20 93 943 
20 94 978 
20 95 960 
20 96 971 
20 97 943 
20 98 938 
20 99 905 
20 100 912 
21 22 849 
21 23 973 
21 24 307 
21 25 398 
21 26 924 
21 27 735 
21 28 858 
21 29 662 
21 30 425 
21 31 457 
21 32 477 
21 33 337 
21 34 463 
21 35 828 
21 36 695 
21 37 485 
21 38 783 
21 39 400 
21 40 859 
21 41 563 
21 42 468 
21 43 574 
21 44 504 
21 45 597 
21 46 876 
21 47 318 
21 48 583 
21 49 726 
21 50 426 
21 51 993 
21 52 762 
21 53 532 
21 54 471 
21 55 495 
21 56 324 
21 57 471 
21 58 733 
21 59 990 
21 60 296 
21 61 271 
21 62 593 
21 63 791 
21 64 995 
21 65 655 
21 66 930 
21 67 776 
21 68 408 
21 69 299 
21 70 358 
21 71 297 
21 72 959 
21 73 306 
21 74 607 
21 75 815 
21 76 302 
21 77 555 
21 78 336 
21 79 786 
21 80 995 
21 81 242 
21 82 515 
21 83 223 
21 84 822 
21 85 988 
21 86 937 
21 87 988 
21 88 977 
21 89 963 
21 90 941 
21 91 908 
21 92 920 
21 93 941 
21 94 992 
21 95 956 
21 96 913 
21 97 974 
21 98 928 
21 99 969 
21 100 930 
22 23 847 
22 24 758 
22 25 381 
22 26 577 
22 27 250 
22 28 264 
22 29 352 
22 30 652 
22 31 529 
22 32 839 
22 33 271 
22 34 954 
22 35 405 
22 36 727 
22 37 470 
22 38 630 
22 39 424 
22 40 609 
22 41 362 
22 42 315 
22 43 295 
22 44 738 
22 45 480 
22 46 422 
22 47 551 
22 48 847 
22 49 204 
22 50 892 
22 51 241 
22 52 937 
22 53 379 
22 54 315 
22 55 989 
22 56 836 
22 57 303 
22 58 642 
22 59 239 
22 60 983 
22 61 254 
22 62 895 
22 63 404 
22 64 419 
22 65 873 
22 66 860 
22 67 987 
22 68 964 
22 69 477 
22 70 744 
22 71 660 
22 72 761 
22 73 748 
22 74 231 
22 75 298 
22 76 627 
22 77 648 
22 78 473 
22 79 224 
22 80 607 
22 81 837 
22 82 427 
22 83 236 
22 84 660 
22 85 998 
22 86 916 
22 87 998 
22 88 942 
22 89 993 
22 90 903 
22 91 932 
22 92 989 
22 93 996 
22 94 973 
22 95 980 
22 96 910 
22 97 954 
22 98 963 
22 99 941 
22 100 911 
23 24 61 
23 25 77 
23 26 0 
23 27 29 
23 28 91 
23 29 83 
23 30 396 
23 31 416 
23 32 277 
23 33 795 
23 34 222 
23 35 990 
23 36 270 
23 37 225 
23 38 559 
23 39 472 
23 40 240 
23 41 446 
23 42 222 
23 43 543 
23 44 761 
23 45 227 
23 46 470 
23 47 583 
23 48 583 
23 49 293 
23 50 550 
23 51 378 
23 52 979 
23 53 780 
23 54 672 
23 55 607 
23 56 653 
23 57 442 
23 58 500 
23 59 648 
23 60 699 
23 61 348 
23 62 778 
23 63 511 
23 64 913 
23 65 274 
23 66 546 
23 67 526 
23 68 303 
23 69 830 
23 70 235 
23 71 912 
23 72 861 
23 73 655 
23 74 325 
23 75 635 
23 76 712 
23 77 234 
23 78 984 
23 79 523 
23 80 345 
23 81 541 
23 82 656 
23 83 525 
23 84 858 
23 85 60 
23 86 975 
23 87 985 
23 88 918 
23 89 997 
23 90 955 
23 91 915 
23 92 990 
23 93 923 
23 94 948 
23 95 957 
23 96 940 
23 97 921 
23 98 972 
23 99 993 
23 100 945 
24 25 739 
24 26 831 
24 27 496 
24 28 936 
24 29 695 
24 30 497 
24 31 267 
24 32 630 
24 33 345 
24 34 398 
24 35 366 
24 36 967 
24 37 769 
24 38 433 
24 39 714 
24 40 522 
24 41 679 
24 42 715 
24 43 223 
24 44 627 
24 45 302 
24 46 343 
24 47 298 
24 48 318 
24 49 947 
24 50 923 
24 51 39 
24 52 555 
24 53 610 
24 54 729 
24 55 868 
24 56 599 
24 57 982 
24 58 754 
24 59 414 
24 60 483 
24 61 903 
24 62 334 
24 63 213 
24 64 427 
24 65 885 
24 66 964 
24 67 559 
24 68 229 
24 69 657 
24 70 800 
24 71 230 
24 72 649 
24 73 502 
24 74 722 
24 75 902 
24 76 893 
24 77 714 
24 78 563 
24 79 555 
24 80 322 
24 81 883 
24 82 597 
24 83 664 
24 84 448 
24 85 932 
24 86 932 
24 87 922 
24 88 907 
24 89 970 
24 90 995 
24 91 990 
24 92 974 
24 93 923 
24 94 920 
24 95 955 
24 96 958 
24 97 937 
24 98 961 
24 99 953 
24 100 949 
25 26 346 
25 27 370 
25 28 471 
25 29 434 
25 30 993 
25 31 913 
25 32 404 
25 33 433 
25 34 867 
25 35 215 
25 36 952 
25 37 801 
25 38 816 
25 39 787 
25 40 902 
25 41 830 
25 42 741 
25 43 808 
25 44 631 
25 45 292 
25 46 781 
25 47 249 
25 48 565 
25 49 257 
25 50 602 
25 51 406 
25 52 890 
25 53 828 
25 54 705 
25 55 489 
25 56 710 
25 57 321 
25 58 569 
25 59 798 
25 60 803 
25 61 916 
25 62 754 
25 63 438 
25 64 921 
25 65 721 
25 66 917 
25 67 682 
25 68 400 
25 69 293 
25 70 767 
25 71 704 
25 72 202 
25 73 975 
25 74 956 
25 75 720 
25 76 348 
25 77 499 
25 78 422 
25 79 755 
25 80 207 
25 81 964 
25 82 283 
25 83 720 
25 84 827 
25 85 948 
25 86 902 
25 87 922 
25 88 979 
25 89 977 
25 90 942 
25 91 977 
25 92 925 
25 93 993 
25 94 935 
25 95 925 
25 96 946 
25 97 907 
25 98 982 
25 99 964 
25 100 985 
26 27 335 
26 28 607 
26 29 229 
26 30 638 
26 31 840 
26 32 535 
26 33 471 
26 34 287 
26 35 533 
26 36 992 
26 37 730 
26 38 454 
26 39 668 
26 40 979 
26 41 768 
26 42 632 
26 43 366 
26 44 506 
26 45 578 
26 46 467 
26 47 784 
26 48 847 
26 49 720 
26 50 813 
26 51 557 
26 52 344 
26 53 408 
26 54 333 
26 55 510 
26 56 292 
26 57 247 
26 58 998 
26 59 724 
26 60 805 
26 61 867 
26 62 791 
26 63 747 
26 64 843 
26 65 564 
26 66 228 
26 67 975 
26 68 293 
26 69 726 
26 70 690 
26 71 778 
26 72 726 
26 73 560 
26 74 901 
26 75 821 
26 76 760 
26 77 273 
26 78 442 
26 79 827 
26 80 564 
26 81 448 
26 82 643 
26 83 716 
26 84 765 
26 85 960 
26 86 981 
26 87 944 
26 88 959 
26 89 968 
26 90 952 
26 91 993 
26 92 977 
26 93 940 
26 94 931 
26 95 995 
26 96 946 
26 97 934 
26 98 938 
26 99 903 
26 100 963 
27 28 512 
27 29 550 
27 30 870 
27 31 239 
27 32 453 
27 33 884 
27 34 707 
27 35 939 
27 36 922 
27 37 746 
27 38 803 
27 39 335 
27 40 781 
27 41 618 
27 42 920 
27 43 599 
27 44 865 
27 45 854 
27 46 467 
27 47 342 
27 48 402 
27 49 786 
27 50 850 
27 51 755 
27 52 998 
27 53 502 
27 54 486 
27 55 708 
27 56 664 
27 57 534 
27 58 389 
27 59 523 
27 60 612 
27 61 498 
27 62 533 
27 63 211 
27 64 593 
27 65 252 
27 66 659 
27 67 712 
27 68 450 
27 69 846 
27 70 711 
27 71 761 
27 72 475 
27 73 231 
27 74 680 
27 75 815 
27 76 627 
27 77 969 
27 78 462 
27 79 651 
27 80 990 
27 81 340 
27 82 476 
27 83 769 
27 84 728 
27 85 918 
27 86 983 
27 87 925 
27 88 990 
27 89 920 
27 90 939 
27 91 919 
27 92 999 
27 93 994 
27 94 936 
27 95 936 
27 96 925 
27 97 936 
27 98 944 
27 99 967 
27 100 908 
28 29 960 
28 30 489 
28 31 215 
28 32 785 
28 33 573 
28 34 787 
28 35 251 
28 36 922 
28 37 650 
28 38 803 
28 39 903 
28 40 275 
28 41 887 
28 42 222 
28 43 950 
28 44 915 
28 45 540 
28 46 592 
28 47 419 
28 48 788 
28 49 693 
28 50 633 
28 51 870 
28 52 964 
28 53 260 
28 54 308 
28 55 685 
28 56 780 
28 57 677 
28 58 588 
28 59 476 
28 60 510 
28 61 463 
28 62 478 
28 63 869 
28 64 449 
28 65 560 
28 66 652 
28 67 678 
28 68 732 
28 69 486 
28 70 263 
28 71 388 
28 72 932 
28 73 957 
28 74 794 
28 75 907 
28 76 517 
28 77 971 
28 78 310 
28 79 707 
28 80 690 
28 81 748 
28 82 417 
28 83 786 
28 84 301 
28 85 921 
28 86 936 
28 87 979 
28 88 984 
28 89 987 
28 90 970 
28 91 922 
28 92 951 
28 93 932 
28 94 939 
28 95 985 
28 96 965 
28 97 932 
28 98 904 
28 99 920 
28 100 988 
29 30 254 
29 31 829 
29 32 756 
29 33 213 
29 34 957 
29 35 570 
29 36 442 
29 37 434 
29 38 924 
29 39 443 
29 40 294 
29 41 450 
29 42 680 
29 43 553 
29 44 418 
29 45 801 
29 46 445 
29 47 442 
29 48 547 
29 49 315 
29 50 580 
29 51 543 
29 52 897 
29 53 433 
29 54 755 
29 55 912 
29 56 243 
29 57 300 
29 58 259 
29 59 600 
29 60 812 
29 61 933 
29 62 912 
29 63 993 
29 64 248 
29 65 688 
29 66 690 
29 67 701 
29 68 661 
29 69 492 
29 70 926 
29 71 953 
29 72 657 
29 73 235 
29 74 540 
29 75 226 
29 76 520 
29 77 994 
29 78 839 
29 79 852 
29 80 570 
29 81 399 
29 82 262 
29 83 966 
29 84 622 
29 85 977 
29 86 974 
29 87 906 
29 88 934 
29 89 934 
29 90 962 
29 91 982 
29 92 961 
29 93 904 
29 94 905 
29 95 931 
29 96 982 
29 97 985 
29 98 903 
29 99 986 
29 100 919 
30 31 56 
30 32 59 
30 33 91 
30 34 90 
30 35 72 
30 36 0 
30 37 90 
30 38 36 
30 39 206 
30 40 909 
30 41 824 
30 42 745 
30 43 826 
30 44 370 
30 45 984 
30 46 588 
30 47 259 
30 48 529 
30 49 919 
30 50 625 
30 51 821 
30 52 575 
30 53 494 
30 54 483 
30 55 482 
30 56 750 
30 57 623 
30 58 704 
30 59 308 
30 60 325 
30 61 302 
30 62 752 
30 63 213 
30 64 380 
30 65 748 
30 66 290 
30 67 314 
30 68 891 
30 69 423 
30 70 715 
30 71 820 
30 72 880 
30 73 483 
30 74 446 
30 75 468 
30 76 978 
30 77 599 
30 78 714 
30 79 321 
30 80 665 
30 81 567 
30 82 790 
30 83 988 
30 84 889 
30 85 982 
30 86 937 
30 87 960 
30 88 989 
30 89 84 
30 90 946 
30 91 999 
30 92 968 
30 93 908 
30 94 987 
30 95 94 
30 96 926 
30 97 960 
30 98 900 
30 99 960 
30 100 970 
31 32 325 
31 33 253 
31 34 974 
31 35 515 
31 36 919 
31 37 586 
31 38 630 
31 39 442 
31 40 742 
31 41 978 
31 42 468 
31 43 918 
31 44 635 
31 45 852 
31 46 948 
31 47 506 
31 48 602 
31 49 369 
31 50 731 
31 51 789 
31 52 780 
31 53 554 
31 54 979 
31 55 667 
31 56 270 
31 57 286 
31 58 663 
31 59 353 
31 60 987 
31 61 257 
31 62 285 
31 63 667 
31 64 665 
31 65 508 
31 66 774 
31 67 437 
31 68 614 
31 69 230 
31 70 679 
31 71 948 
31 72 706 
31 73 422 
31 74 405 
31 75 330 
31 76 697 
31 77 806 
31 78 403 
31 79 763 
31 80 758 
31 81 630 
31 82 699 
31 83 787 
31 84 745 
31 85 954 
31 86 912 
31 87 956 
31 88 902 
31 89 946 
31 90 943 
31 91 957 
31 92 972 
31 93 952 
31 94 919 
31 95 926 
31 96 963 
31 97 968 
31 98 970 
31 99 948 
31 100 924 
32 33 485 
32 34 366 
32 35 931 
32 36 820 
32 37 320 
32 38 699 
32 39 224 
32 40 665 
32 41 585 
32 42 465 
32 43 922 
32 44 516 
32 45 278 
32 46 932 
32 47 637 
32 48 567 
32 49 878 
32 50 993 
32 51 618 
32 52 281 
32 53 932 
32 54 210 
32 55 466 
32 56 766 
32 57 913 
32 58 913 
32 59 407 
32 60 308 
32 61 211 
32 62 525 
32 63 259 
32 64 627 
32 65 967 
32 66 861 
32 67 293 
32 68 738 
32 69 264 
32 70 487 
32 71 911 
32 72 874 
32 73 805 
32 74 398 
32 75 656 
32 76 476 
32 77 484 
32 78 799 
32 79 434 
32 80 448 
32 81 409 
32 82 763 
32 83 308 
32 84 420 
32 85 918 
32 86 990 
32 87 937 
32 88 990 
32 89 995 
32 90 942 
32 91 942 
32 92 993 
32 93 976 
32 94 927 
32 95 987 
32 96 927 
32 97 949 
32 98 989 
32 99 954 
32 100 948 
33 34 516 
33 35 643 
33 36 709 
33 37 385 
33 38 845 
33 39 292 
33 40 293 
33 41 300 
33 42 480 
33 43 711 
33 44 860 
33 45 418 
33 46 200 
33 47 216 
33 48 982 
33 49 208 
33 50 686 
33 51 817 
33 52 613 
33 53 965 
33 54 527 
33 55 814 
33 56 789 
33 57 473 
33 58 510 
33 59 400 
33 60 717 
33 61 474 
33 62 414 
33 63 269 
33 64 299 
33 65 539 
33 66 541 
33 67 862 
33 68 444 
33 69 379 
33 70 850 
33 71 582 
33 72 734 
33 73 309 
33 74 597 
33 75 771 
33 76 278 
33 77 493 
33 78 832 
33 79 503 
33 80 752 
33 81 278 
33 82 585 
33 83 691 
33 84 667 
33 85 962 
33 86 990 
33 87 993 
33 88 902 
33 89 986 
33 90 901 
33 91 952 
33 92 902 
33 93 926 
33 94 994 
33 95 995 
33 96 929 
33 97 919 
33 98 976 
33 99 982 
33 100 934 
34 35 804 
34 36 733 
34 37 232 
34 38 352 
34 39 436 
34 40 764 
34 41 461 
34 42 741 
34 43 509 
34 44 758 
34 45 912 
34 46 582 
34 47 917 
34 48 201 
34 49 573 
34 50 655 
34 51 387 
34 52 248 
34 53 942 
34 54 857 
34 55 713 
34 56 618 
34 57 216 
34 58 970 
34 59 205 
34 60 615 
34 61 754 
34 62 875 
34 63 491 
34 64 819 
34 65 613 
34 66 872 
34 67 669 
34 68 520 
34 69 788 
34 70 969 
34 71 453 
34 72 246 
34 73 752 
34 74 531 
34 75 864 
34 76 986 
34 77 314 
34 78 638 
34 79 331 
34 80 351 
34 81 278 
34 82 628 
34 83 594 
34 84 406 
34 85 973 
34 86 915 
34 87 957 
34 88 909 
34 89 941 
34 90 998 
34 91 900 
34 92 962 
34 93 917 
34 94 920 
34 95 919 
34 96 994 
34 97 980 
34 98 950 
34 99 954 
34 100 975 
35 36 725 
35 37 975 
35 38 413 
35 39 823 
35 40 703 
35 41 527 
35 42 890 
35 43 981 
35 44 386 
35 45 670 
35 46 488 
35 47 835 
35 48 221 
35 49 932 
35 50 616 
35 51 393 
35 52 811 
35 53 809 
35 54 612 
35 55 548 
35 56 880 
35 57 942 
35 58 764 
35 59 480 
35 60 357 
35 61 362 
35 62 853 
35 63 534 
35 64 259 
35 65 518 
35 66 832 
35 67 934 
35 68 465 
35 69 951 
35 70 780 
35 71 883 
35 72 654 
35 73 606 
35 74 363 
35 75 802 
35 76 638 
35 77 641 
35 78 709 
35 79 976 
35 80 500 
35 81 520 
35 82 254 
35 83 694 
35 84 483 
35 85 915 
35 86 929 
35 87 941 
35 88 915 
35 89 985 
35 90 999 
35 91 914 
35 92 992 
35 93 917 
35 94 939 
35 95 947 
35 96 920 
35 97 935 
35 98 923 
35 99 954 
35 100 965 
36 37 663 
36 38 392 
36 39 957 
36 40 453 
36 41 335 
36 42 713 
36 43 737 
36 44 840 
36 45 835 
36 46 586 
36 47 456 
36 48 731 
36 49 410 
36 50 581 
36 51 447 
36 52 860 
36 53 265 
36 54 844 
36 55 568 
36 56 671 
36 57 366 
36 58 217 
36 59 293 
36 60 638 
36 61 813 
36 62 953 
36 63 244 
36 64 803 
36 65 939 
36 66 567 
36 67 616 
36 68 310 
36 69 236 
36 70 778 
36 71 987 
36 72 391 
36 73 269 
36 74 830 
36 75 693 
36 76 219 
36 77 256 
36 78 932 
36 79 715 
36 80 951 
36 81 298 
36 82 632 
36 83 440 
36 84 589 
36 85 912 
36 86 959 
36 87 930 
36 88 979 
36 89 956 
36 90 950 
36 91 911 
36 92 951 
36 93 935 
36 94 977 
36 95 938 
36 96 983 
36 97 991 
36 98 994 
36 99 933 
36 100 935 
37 38 350 
37 39 502 
37 40 733 
37 41 585 
37 42 504 
37 43 828 
37 44 248 
37 45 570 
37 46 793 
37 47 989 
37 48 965 
37 49 353 
37 50 998 
37 51 555 
37 52 855 
37 53 283 
37 54 351 
37 55 578 
37 56 341 
37 57 783 
37 58 704 
37 59 980 
37 60 596 
37 61 470 
37 62 441 
37 63 920 
37 64 568 
37 65 845 
37 66 270 
37 67 658 
37 68 651 
37 69 892 
37 70 590 
37 71 609 
37 72 697 
37 73 740 
37 74 243 
37 75 683 
37 76 402 
37 77 906 
37 78 606 
37 79 809 
37 80 860 
37 81 646 
37 82 336 
37 83 497 
37 84 987 
37 85 993 
37 86 909 
37 87 971 
37 88 931 
37 89 930 
37 90 942 
37 91 907 
37 92 912 
37 93 970 
37 94 989 
37 95 975 
37 96 958 
37 97 991 
37 98 930 
37 99 921 
37 100 956 
38 39 618 
38 40 521 
38 41 231 
38 42 482 
38 43 819 
38 44 737 
38 45 675 
38 46 534 
38 47 530 
38 48 423 
38 49 577 
38 50 200 
38 51 279 
38 52 349 
38 53 779 
38 54 590 
38 55 225 
38 56 783 
38 57 358 
38 58 870 
38 59 648 
38 60 216 
38 61 287 
38 62 330 
38 63 775 
38 64 627 
38 65 340 
38 66 210 
38 67 586 
38 68 962 
38 69 386 
38 70 428 
38 71 252 
38 72 801 
38 73 978 
38 74 636 
38 75 301 
38 76 263 
38 77 707 
38 78 339 
38 79 549 
38 80 322 
38 81 629 
38 82 817 
38 83 524 
38 84 19 
38 85 968 
38 86 914 
38 87 970 
38 88 929 
38 89 940 
38 90 967 
38 91 989 
38 92 990 
38 93 912 
38 94 965 
38 95 929 
38 96 923 
38 97 942 
38 98 930 
38 99 965 
38 100 981 
39 40 77 
39 41 70 
39 42 28 
39 43 60 
39 44 29 
39 45 51 
39 46 52 
39 47 99 
39 48 73 
39 49 463 
39 50 794 
39 51 347 
39 52 405 
39 53 284 
39 54 733 
39 55 890 
39 56 493 
39 57 286 
39 58 688 
39 59 921 
39 60 456 
39 61 785 
39 62 439 
39 63 285 
39 64 678 
39 65 819 
39 66 662 
39 67 706 
39 68 743 
39 69 671 
39 70 283 
39 71 985 
39 72 532 
39 73 715 
39 74 715 
39 75 387 
39 76 841 
39 77 640 
39 78 461 
39 79 556 
39 80 356 
39 81 573 
39 82 216 
39 83 552 
39 84 334 
39 85 994 
39 86 908 
39 87 991 
39 88 986 
39 89 911 
39 90 986 
39 91 57 
39 92 911 
39 93 988 
39 94 914 
39 95 928 
39 96 927 
39 97 904 
39 98 993 
39 99 981 
39 100 988 
40 41 394 
40 42 318 
40 43 719 
40 44 268 
40 45 381 
40 46 982 
40 47 536 
40 48 389 
40 49 591 
40 50 458 
40 51 918 
40 52 336 
40 53 251 
40 54 644 
40 55 789 
40 56 805 
40 57 892 
40 58 313 
40 59 339 
40 60 288 
40 61 420 
40 62 852 
40 63 894 
40 64 469 
40 65 764 
40 66 993 
40 67 945 
40 68 791 
40 69 670 
40 70 541 
40 71 815 
40 72 870 
40 73 435 
40 74 224 
40 75 411 
40 76 700 
40 77 238 
40 78 776 
40 79 349 
40 80 598 
40 81 773 
40 82 580 
40 83 533 
40 84 610 
40 85 985 
40 86 938 
40 87 989 
40 88 921 
40 89 914 
40 90 923 
40 91 990 
40 92 937 
40 93 968 
40 94 955 
40 95 949 
40 96 994 
40 97 940 
40 98 900 
40 99 917 
40 100 955 
41 42 403 
41 43 902 
41 44 957 
41 45 909 
41 46 943 
41 47 229 
41 48 864 
41 49 618 
41 50 682 
41 51 949 
41 52 988 
41 53 353 
41 54 331 
41 55 872 
41 56 504 
41 57 381 
41 58 619 
41 59 641 
41 60 582 
41 61 660 
41 62 879 
41 63 828 
41 64 216 
41 65 789 
41 66 520 
41 67 863 
41 68 705 
41 69 499 
41 70 812 
41 71 350 
41 72 914 
41 73 755 
41 74 755 
41 75 913 
41 76 529 
41 77 343 
41 78 657 
41 79 855 
41 80 889 
41 81 840 
41 82 566 
41 83 455 
41 84 405 
41 85 918 
41 86 930 
41 87 967 
41 88 921 
41 89 915 
41 90 925 
41 91 999 
41 92 913 
41 93 938 
41 94 975 
41 95 967 
41 96 961 
41 97 963 
41 98 920 
41 99 947 
41 100 908 
42 43 838 
42 44 231 
42 45 443 
42 46 281 
42 47 687 
42 48 283 
42 49 603 
42 50 582 
42 51 240 
42 52 981 
42 53 938 
42 54 540 
42 55 207 
42 56 996 
42 57 210 
42 58 732 
42 59 597 
42 60 508 
42 61 848 
42 62 837 
42 63 700 
42 64 786 
42 65 608 
42 66 971 
42 67 955 
42 68 345 
42 69 615 
42 70 534 
42 71 948 
42 72 608 
42 73 930 
42 74 256 
42 75 218 
42 76 872 
42 77 850 
42 78 716 
42 79 804 
42 80 390 
42 81 996 
42 82 583 
42 83 499 
42 84 413 
42 85 994 
42 86 988 
42 87 933 
42 88 967 
42 89 970 
42 90 964 
42 91 923 
42 92 957 
42 93 914 
42 94 989 
42 95 957 
42 96 936 
42 97 997 
42 98 946 
42 99 915 
42 100 989 
43 44 289 
43 45 384 
43 46 866 
43 47 601 
43 48 602 
43 49 263 
43 50 914 
43 51 939 
43 52 978 
43 53 838 
43 54 211 
43 55 744 
43 56 457 
43 57 290 
43 58 946 
43 59 544 
43 60 524 
43 61 848 
43 62 869 
43 63 543 
43 64 446 
43 65 631 
43 66 215 
43 67 677 
43 68 228 
43 69 905 
43 70 500 
43 71 677 
43 72 531 
43 73 929 
43 74 883 
43 75 704 
43 76 250 
43 77 540 
43 78 583 
43 79 672 
43 80 303 
43 81 504 
43 82 932 
43 83 276 
43 84 411 
43 85 956 
43 86 964 
43 87 990 
43 88 997 
43 89 983 
43 90 908 
43 91 983 
43 92 975 
43 93 913 
43 94 969 
43 95 930 
43 96 928 
43 97 979 
43 98 944 
43 99 943 
43 100 993 
44 45 845 
44 46 594 
44 47 814 
44 48 485 
44 49 301 
44 50 339 
44 51 701 
44 52 767 
44 53 701 
44 54 307 
44 55 907 
44 56 690 
44 57 592 
44 58 404 
44 59 822 
44 60 714 
44 61 808 
44 62 951 
44 63 240 
44 64 673 
44 65 876 
44 66 362 
44 67 725 
44 68 685 
44 69 328 
44 70 277 
44 71 880 
44 72 489 
44 73 712 
44 74 386 
44 75 300 
44 76 516 
44 77 914 
44 78 623 
44 79 443 
44 80 523 
44 81 997 
44 82 213 
44 83 553 
44 84 887 
44 85 941 
44 86 901 
44 87 981 
44 88 997 
44 89 966 
44 90 957 
44 91 978 
44 92 912 
44 93 982 
44 94 943 
44 95 905 
44 96 938 
44 97 996 
44 98 959 
44 99 933 
44 100 944 
45 46 758 
45 47 470 
45 48 573 
45 49 631 
45 50 517 
45 51 745 
45 52 500 
45 53 476 
45 54 577 
45 55 869 
45 56 414 
45 57 294 
45 58 352 
45 59 655 
45 60 341 
45 61 785 
45 62 892 
45 63 676 
45 64 961 
45 65 351 
45 66 879 
45 67 868 
45 68 749 
45 69 388 
45 70 556 
45 71 516 
45 72 551 
45 73 757 
45 74 579 
45 75 434 
45 76 282 
45 77 398 
45 78 211 
45 79 903 
45 80 812 
45 81 581 
45 82 684 
45 83 559 
45 84 25 
45 85 910 
45 86 970 
45 87 963 
45 88 980 
45 89 999 
45 90 967 
45 91 985 
45 92 924 
45 93 992 
45 94 980 
45 95 905 
45 96 990 
45 97 900 
45 98 946 
45 99 920 
45 100 923 
46 47 791 
46 48 273 
46 49 620 
46 50 407 
46 51 967 
46 52 986 
46 53 533 
46 54 442 
46 55 727 
46 56 511 
46 57 304 
46 58 844 
46 59 492 
46 60 394 
46 61 676 
46 62 323 
46 63 943 
46 64 725 
46 65 981 
46 66 360 
46 67 523 
46 68 344 
46 69 925 
46 70 994 
46 71 363 
46 72 602 
46 73 812 
46 74 989 
46 75 433 
46 76 435 
46 77 222 
46 78 252 
46 79 853 
46 80 834 
46 81 608 
46 82 420 
46 83 836 
46 84 980 
46 85 970 
46 86 973 
46 87 926 
46 88 944 
46 89 923 
46 90 905 
46 91 906 
46 92 904 
46 93 915 
46 94 923 
46 95 910 
46 96 910 
46 97 953 
46 98 935 
46 99 986 
46 100 906 
47 48 931 
47 49 324 
47 50 980 
47 51 751 
47 52 860 
47 53 485 
47 54 776 
47 55 834 
47 56 353 
47 57 918 
47 58 585 
47 59 781 
47 60 388 
47 61 980 
47 62 447 
47 63 431 
47 64 589 
47 65 667 
47 66 914 
47 67 403 
47 68 568 
47 69 720 
47 70 675 
47 71 634 
47 72 532 
47 73 586 
47 74 968 
47 75 615 
47 76 503 
47 77 836 
47 78 524 
47 79 493 
47 80 674 
47 81 419 
47 82 579 
47 83 921 
47 84 984 
47 85 908 
47 86 999 
47 87 986 
47 88 994 
47 89 912 
47 90 991 
47 91 972 
47 92 995 
47 93 916 
47 94 983 
47 95 996 
47 96 943 
47 97 929 
47 98 935 
47 99 987 
47 100 970 
48 49 775 
48 50 558 
48 51 638 
48 52 797 
48 53 276 
48 54 563 
48 55 580 
48 56 400 
48 57 606 
48 58 474 
48 59 368 
48 60 233 
48 61 887 
48 62 775 
48 63 402 
48 64 785 
48 65 856 
48 66 346 
48 67 434 
48 68 292 
48 69 912 
48 70 968 
48 71 567 
48 72 327 
48 73 655 
48 74 503 
48 75 988 
48 76 393 
48 77 241 
48 78 956 
48 79 404 
48 80 923 
48 81 363 
48 82 245 
48 83 215 
48 84 976 
48 85 992 
48 86 961 
48 87 940 
48 88 918 
48 89 961 
48 90 974 
48 91 910 
48 92 936 
48 93 990 
48 94 986 
48 95 918 
48 96 951 
48 97 921 
48 98 928 
48 99 982 
48 100 991 
49 50 24 
49 51 84 
49 52 13 
49 53 27 
49 54 27 
49 55 17 
49 56 14 
49 57 41 
49 58 95 
49 59 343 
49 60 518 
49 61 340 
49 62 371 
49 63 576 
49 64 596 
49 65 628 
49 66 330 
49 67 941 
49 68 803 
49 69 495 
49 70 590 
49 71 429 
49 72 591 
49 73 434 
49 74 423 
49 75 902 
49 76 332 
49 77 812 
49 78 394 
49 79 317 
49 80 446 
49 81 507 
49 82 402 
49 83 453 
49 84 792 
49 85 905 
49 86 971 
49 87 920 
49 88 919 
49 89 997 
49 90 958 
49 91 900 
49 92 922 
49 93 907 
49 94 972 
49 95 994 
49 96 926 
49 97 98 
49 98 957 
49 99 68 
49 100 58 
50 51 345 
50 52 287 
50 53 232 
50 54 950 
50 55 325 
50 56 529 
50 57 919 
50 58 441 
50 59 243 
50 60 675 
50 61 497 
50 62 902 
50 63 627 
50 64 328 
50 65 373 
50 66 637 
50 67 642 
50 68 870 
50 69 647 
50 70 921 
50 71 819 
50 72 853 
50 73 516 
50 74 429 
50 75 891 
50 76 278 
50 77 999 
50 78 793 
50 79 672 
50 80 819 
50 81 311 
50 82 655 
50 83 319 
50 84 379 
50 85 959 
50 86 951 
50 87 954 
50 88 962 
50 89 978 
50 90 990 
50 91 997 
50 92 972 
50 93 952 
50 94 936 
50 95 972 
50 96 952 
50 97 904 
50 98 967 
50 99 935 
50 100 951 
51 52 374 
51 53 648 
51 54 639 
51 55 378 
51 56 426 
51 57 805 
51 58 633 
51 59 953 
51 60 649 
51 61 615 
51 62 292 
51 63 219 
51 64 615 
51 65 237 
51 66 834 
51 67 243 
51 68 319 
51 69 881 
51 70 749 
51 71 390 
51 72 707 
51 73 642 
51 74 351 
51 75 612 
51 76 515 
51 77 319 
51 78 387 
51 79 806 
51 80 223 
51 81 760 
51 82 831 
51 83 390 
51 84 685 
51 85 923 
51 86 963 
51 87 961 
51 88 925 
51 89 953 
51 90 955 
51 91 976 
51 92 962 
51 93 912 
51 94 933 
51 95 924 
51 96 911 
51 97 954 
51 98 928 
51 99 984 
51 100 973 
52 53 420 
52 54 510 
52 55 481 
52 56 873 
52 57 705 
52 58 288 
52 59 366 
52 60 384 
52 61 528 
52 62 800 
52 63 603 
52 64 219 
52 65 780 
52 66 392 
52 67 780 
52 68 460 
52 69 782 
52 70 567 
52 71 882 
52 72 377 
52 73 771 
52 74 366 
52 75 557 
52 76 523 
52 77 232 
52 78 702 
52 79 737 
52 80 854 
52 81 811 
52 82 753 
52 83 474 
52 84 902 
52 85 950 
52 86 998 
52 87 939 
52 88 986 
52 89 963 
52 90 932 
52 91 903 
52 92 982 
52 93 957 
52 94 927 
52 95 946 
52 96 956 
52 97 989 
52 98 924 
52 99 919 
52 100 967 
53 54 545 
53 55 570 
53 56 608 
53 57 461 
53 58 518 
53 59 446 
53 60 536 
53 61 527 
53 62 600 
53 63 543 
53 64 256 
53 65 362 
53 66 626 
53 67 300 
53 68 712 
53 69 326 
53 70 841 
53 71 394 
53 72 721 
53 73 320 
53 74 937 
53 75 673 
53 76 263 
53 77 246 
53 78 877 
53 79 679 
53 80 958 
53 81 722 
53 82 960 
53 83 749 
53 84 877 
53 85 994 
53 86 976 
53 87 969 
53 88 966 
53 89 942 
53 90 937 
53 91 949 
53 92 994 
53 93 902 
53 94 903 
53 95 972 
53 96 969 
53 97 912 
53 98 945 
53 99 942 
53 100 922 
54 55 695 
54 56 439 
54 57 331 
54 58 973 
54 59 877 
54 60 203 
54 61 875 
54 62 912 
54 63 204 
54 64 791 
54 65 888 
54 66 866 
54 67 906 
54 68 854 
54 69 806 
54 70 768 
54 71 741 
54 72 505 
54 73 702 
54 74 507 
54 75 751 
54 76 811 
54 77 208 
54 78 875 
54 79 284 
54 80 229 
54 81 663 
54 82 627 
54 83 237 
54 84 913 
54 85 991 
54 86 967 
54 87 963 
54 88 952 
54 89 964 
54 90 904 
54 91 988 
54 92 969 
54 93 944 
54 94 968 
54 95 949 
54 96 951 
54 97 905 
54 98 991 
54 99 909 
54 100 912 
55 56 682 
55 57 473 
55 58 346 
55 59 383 
55 60 520 
55 61 897 
55 62 897 
55 63 776 
55 64 545 
55 65 334 
55 66 785 
55 67 998 
55 68 388 
55 69 792 
55 70 373 
55 71 592 
55 72 621 
55 73 333 
55 74 737 
55 75 823 
55 76 939 
55 77 584 
55 78 574 
55 79 546 
55 80 434 
55 81 465 
55 82 374 
55 83 937 
55 84 709 
55 85 933 
55 86 974 
55 87 909 
55 88 972 
55 89 967 
55 90 908 
55 91 934 
55 92 949 
55 93 922 
55 94 940 
55 95 977 
55 96 901 
55 97 908 
55 98 954 
55 99 901 
55 100 950 
56 57 377 
56 58 830 
56 59 723 
56 60 545 
56 61 756 
56 62 870 
56 63 560 
56 64 810 
56 65 212 
56 66 354 
56 67 598 
56 68 950 
56 69 970 
56 70 341 
56 71 317 
56 72 539 
56 73 508 
56 74 834 
56 75 889 
56 76 986 
56 77 549 
56 78 851 
56 79 346 
56 80 200 
56 81 271 
56 82 582 
56 83 549 
56 84 448 
56 85 956 
56 86 918 
56 87 925 
56 88 926 
56 89 914 
56 90 903 
56 91 942 
56 92 946 
56 93 962 
56 94 983 
56 95 946 
56 96 933 
56 97 952 
56 98 943 
56 99 939 
56 100 967 
57 58 561 
57 59 923 
57 60 912 
57 61 490 
57 62 584 
57 63 349 
57 64 896 
57 65 362 
57 66 887 
57 67 723 
57 68 355 
57 69 552 
57 70 927 
57 71 998 
57 72 684 
57 73 451 
57 74 380 
57 75 817 
57 76 242 
57 77 885 
57 78 293 
57 79 522 
57 80 776 
57 81 740 
57 82 321 
57 83 658 
57 84 858 
57 85 963 
57 86 993 
57 87 911 
57 88 954 
57 89 948 
57 90 923 
57 91 941 
57 92 949 
57 93 965 
57 94 948 
57 95 908 
57 96 949 
57 97 991 
57 98 966 
57 99 997 
57 100 904 
58 59 398 
58 60 298 
58 61 253 
58 62 908 
58 63 306 
58 64 387 
58 65 578 
58 66 403 
58 67 222 
58 68 569 
58 69 739 
58 70 655 
58 71 220 
58 72 282 
58 73 634 
58 74 687 
58 75 315 
58 76 856 
58 77 839 
58 78 835 
58 79 703 
58 80 316 
58 81 763 
58 82 608 
58 83 617 
58 84 938 
58 85 925 
58 86 900 
58 87 992 
58 88 946 
58 89 972 
58 90 993 
58 91 990 
58 92 914 
58 93 919 
58 94 906 
58 95 908 
58 96 915 
58 97 970 
58 98 918 
58 99 900 
58 100 991 
59 60 69 
59 61 40 
59 62 1 
59 63 51 
59 64 99 
59 65 6 
59 66 63 
59 67 419 
59 68 502 
59 69 420 
59 70 313 
59 71 470 
59 72 912 
59 73 820 
59 74 367 
59 75 861 
59 76 368 
59 77 831 
59 78 959 
59 79 293 
59 80 457 
59 81 536 
59 82 290 
59 83 326 
59 84 345 
59 85 979 
59 86 913 
59 87 68 
59 88 983 
59 89 975 
59 90 978 
59 91 992 
59 92 964 
59 93 918 
59 94 928 
59 95 966 
59 96 968 
59 97 964 
59 98 933 
59 99 967 
59 100 905 
60 61 368 
60 62 949 
60 63 401 
60 64 909 
60 65 379 
60 66 728 
60 67 508 
60 68 466 
60 69 996 
60 70 290 
60 71 301 
60 72 444 
60 73 240 
60 74 709 
60 75 999 
60 76 666 
60 77 722 
60 78 613 
60 79 407 
60 80 563 
60 81 372 
60 82 664 
60 83 893 
60 84 553 
60 85 965 
60 86 955 
60 87 992 
60 88 925 
60 89 917 
60 90 947 
60 91 932 
60 92 976 
60 93 924 
60 94 936 
60 95 976 
60 96 981 
60 97 901 
60 98 904 
60 99 982 
60 100 994 
61 62 576 
61 63 317 
61 64 892 
61 65 458 
61 66 978 
61 67 220 
61 68 896 
61 69 822 
61 70 222 
61 71 992 
61 72 562 
61 73 308 
61 74 704 
61 75 343 
61 76 989 
61 77 946 
61 78 711 
61 79 806 
61 80 957 
61 81 320 
61 82 737 
61 83 748 
61 84 557 
61 85 900 
61 86 930 
61 87 953 
61 88 956 
61 89 986 
61 90 910 
61 91 996 
61 92 928 
61 93 973 
61 94 923 
61 95 903 
61 96 992 
61 97 984 
61 98 985 
61 99 956 
61 100 959 
62 63 556 
62 64 678 
62 65 637 
62 66 525 
62 67 764 
62 68 804 
62 69 475 
62 70 565 
62 71 238 
62 72 589 
62 73 596 
62 74 669 
62 75 623 
62 76 769 
62 77 671 
62 78 520 
62 79 764 
62 80 925 
62 81 339 
62 82 628 
62 83 540 
62 84 897 
62 85 963 
62 86 903 
62 87 914 
62 88 964 
62 89 910 
62 90 993 
62 91 952 
62 92 991 
62 93 913 
62 94 984 
62 95 987 
62 96 912 
62 97 947 
62 98 986 
62 99 995 
62 100 961 
63 64 749 
63 65 290 
63 66 826 
63 67 931 
63 68 896 
63 69 229 
63 70 836 
63 71 341 
63 72 441 
63 73 845 
63 74 805 
63 75 311 
63 76 793 
63 77 689 
63 78 738 
63 79 444 
63 80 402 
63 81 478 
63 82 919 
63 83 317 
63 84 990 
63 85 982 
63 86 960 
63 87 964 
63 88 989 
63 89 928 
63 90 986 
63 91 926 
63 92 947 
63 93 958 
63 94 946 
63 95 970 
63 96 902 
63 97 983 
63 98 948 
63 99 941 
63 100 958 
64 65 993 
64 66 271 
64 67 320 
64 68 834 
64 69 694 
64 70 965 
64 71 550 
64 72 710 
64 73 879 
64 74 926 
64 75 247 
64 76 530 
64 77 675 
64 78 643 
64 79 334 
64 80 647 
64 81 956 
64 82 927 
64 83 964 
64 84 514 
64 85 920 
64 86 908 
64 87 915 
64 88 942 
64 89 981 
64 90 948 
64 91 932 
64 92 982 
64 93 994 
64 94 957 
64 95 910 
64 96 914 
64 97 956 
64 98 916 
64 99 959 
64 100 946 
65 66 799 
65 67 700 
65 68 446 
65 69 881 
65 70 697 
65 71 574 
65 72 342 
65 73 819 
65 74 654 
65 75 541 
65 76 969 
65 77 786 
65 78 673 
65 79 355 
65 80 645 
65 81 607 
65 82 834 
65 83 905 
65 84 305 
65 85 956 
65 86 970 
65 87 924 
65 88 948 
65 89 945 
65 90 969 
65 91 945 
65 92 981 
65 93 908 
65 94 926 
65 95 972 
65 96 900 
65 97 947 
65 98 941 
65 99 936 
65 100 934 
66 67 753 
66 68 603 
66 69 625 
66 70 954 
66 71 253 
66 72 761 
66 73 484 
66 74 961 
66 75 213 
66 76 347 
66 77 297 
66 78 998 
66 79 704 
66 80 315 
66 81 714 
66 82 434 
66 83 861 
66 84 959 
66 85 985 
66 86 962 
66 87 941 
66 88 932 
66 89 943 
66 90 987 
66 91 901 
66 92 933 
66 93 913 
66 94 969 
66 95 965 
66 96 918 
66 97 972 
66 98 965 
66 99 989 
66 100 948 
67 68 12 
67 69 20 
67 70 62 
67 71 15 
67 72 48 
67 73 71 
67 74 94 
67 75 95 
67 76 88 
67 77 231 
67 78 584 
67 79 247 
67 80 639 
67 81 567 
67 82 585 
67 83 327 
67 84 884 
67 85 929 
67 86 94 
67 87 920 
67 88 932 
67 89 940 
67 90 938 
67 91 935 
67 92 968 
67 93 973 
67 94 947 
67 95 907 
67 96 937 
67 97 963 
67 98 938 
67 99 915 
67 100 955 
68 69 962 
68 70 777 
68 71 333 
68 72 613 
68 73 447 
68 74 789 
68 75 940 
68 76 593 
68 77 462 
68 78 865 
68 79 456 
68 80 987 
68 81 821 
68 82 916 
68 83 864 
68 84 280 
68 85 908 
68 86 980 
68 87 917 
68 88 906 
68 89 958 
68 90 907 
68 91 906 
68 92 936 
68 93 972 
68 94 923 
68 95 908 
68 96 988 
68 97 981 
68 98 966 
68 99 966 
68 100 938 
69 70 251 
69 71 946 
69 72 460 
69 73 442 
69 74 903 
69 75 461 
69 76 853 
69 77 282 
69 78 502 
69 79 810 
69 80 279 
69 81 936 
69 82 477 
69 83 468 
69 84 855 
69 85 921 
69 86 969 
69 87 936 
69 88 933 
69 89 997 
69 90 913 
69 91 956 
69 92 917 
69 93 916 
69 94 908 
69 95 921 
69 96 918 
69 97 956 
69 98 922 
69 99 905 
69 100 999 
70 71 210 
70 72 645 
70 73 996 
70 74 996 
70 75 822 
70 76 704 
70 77 267 
70 78 271 
70 79 711 
70 80 428 
70 81 709 
70 82 490 
70 83 481 
70 84 911 
70 85 903 
70 86 912 
70 87 961 
70 88 994 
70 89 970 
70 90 987 
70 91 912 
70 92 917 
70 93 909 
70 94 926 
70 95 943 
70 96 919 
70 97 988 
70 98 951 
70 99 995 
70 100 968 
71 72 734 
71 73 706 
71 74 845 
71 75 461 
71 76 897 
71 77 668 
71 78 819 
71 79 969 
71 80 805 
71 81 369 
71 82 387 
71 83 578 
71 84 374 
71 85 956 
71 86 977 
71 87 901 
71 88 916 
71 89 999 
71 90 943 
71 91 907 
71 92 964 
71 93 943 
71 94 944 
71 95 969 
71 96 920 
71 97 952 
71 98 974 
71 99 982 
71 100 990 
72 73 585 
72 74 897 
72 75 904 
72 76 420 
72 77 632 
72 78 276 
72 79 963 
72 80 493 
72 81 987 
72 82 845 
72 83 610 
72 84 203 
72 85 917 
72 86 952 
72 87 902 
72 88 924 
72 89 967 
72 90 907 
72 91 929 
72 92 987 
72 93 901 
72 94 961 
72 95 988 
72 96 991 
72 97 934 
72 98 921 
72 99 980 
72 100 927 
73 74 337 
73 75 695 
73 76 452 
73 77 862 
73 78 378 
73 79 227 
73 80 361 
73 81 280 
73 82 497 
73 83 465 
73 84 565 
73 85 964 
73 86 918 
73 87 930 
73 88 914 
73 89 984 
73 90 961 
73 91 988 
73 92 928 
73 93 936 
73 94 953 
73 95 910 
73 96 985 
73 97 961 
73 98 987 
73 99 920 
73 100 981 
74 75 683 
74 76 393 
74 77 638 
74 78 874 
74 79 210 
74 80 680 
74 81 624 
74 82 387 
74 83 770 
74 84 646 
74 85 929 
74 86 963 
74 87 959 
74 88 971 
74 89 958 
74 90 998 
74 91 995 
74 92 967 
74 93 978 
74 94 907 
74 95 943 
74 96 936 
74 97 972 
74 98 945 
74 99 986 
74 100 908 
75 76 802 
75 77 432 
75 78 334 
75 79 97 
75 80 484 
75 81 272 
75 82 404 
75 83 509 
75 84 780 
75 85 960 
75 86 984 
75 87 953 
75 88 926 
75 89 924 
75 90 907 
75 91 999 
75 92 973 
75 93 910 
75 94 922 
75 95 966 
75 96 930 
75 97 900 
75 98 915 
75 99 929 
75 100 955 
76 77 386 
76 78 448 
76 79 653 
76 80 524 
76 81 984 
76 82 493 
76 83 611 
76 84 658 
76 85 956 
76 86 929 
76 87 926 
76 88 967 
76 89 927 
76 90 963 
76 91 937 
76 92 973 
76 93 947 
76 94 945 
76 95 903 
76 96 997 
76 97 968 
76 98 952 
76 99 991 
76 100 985 
77 78 65 
77 79 87 
77 80 50 
77 81 37 
77 82 94 
77 83 17 
77 84 63 
77 85 961 
77 86 903 
77 87 925 
77 88 52 
77 89 995 
77 90 973 
77 91 926 
77 92 961 
77 93 952 
77 94 929 
77 95 975 
77 96 85 
77 97 989 
77 98 922 
77 99 952 
77 100 961 
78 79 698 
78 80 796 
78 81 986 
78 82 327 
78 83 636 
78 84 206 
78 85 975 
78 86 993 
78 87 933 
78 88 917 
78 89 951 
78 90 965 
78 91 939 
78 92 984 
78 93 992 
78 94 913 
78 95 974 
78 96 982 
78 97 985 
78 98 953 
78 99 910 
78 100 926 
79 80 615 
79 81 779 
79 82 979 
79 83 258 
79 84 718 
79 85 961 
79 86 961 
79 87 923 
79 88 948 
79 89 942 
79 90 998 
79 91 962 
79 92 915 
79 93 926 
79 94 939 
79 95 947 
79 96 909 
79 97 994 
79 98 907 
79 99 952 
79 100 916 
80 81 884 
80 82 859 
80 83 658 
80 84 678 
80 85 944 
80 86 946 
80 87 998 
80 88 988 
80 89 903 
80 90 907 
80 91 925 
80 92 978 
80 93 997 
80 94 970 
80 95 912 
80 96 979 
80 97 918 
80 98 944 
80 99 971 
80 100 950 
81 82 518 
81 83 452 
81 84 460 
81 85 969 
81 86 999 
81 87 948 
81 88 922 
81 89 938 
81 90 964 
81 91 910 
81 92 947 
81 93 930 
81 94 928 
81 95 938 
81 96 921 
81 97 966 
81 98 936 
81 99 926 
81 100 981 
82 83 909 
82 84 657 
82 85 900 
82 86 961 
82 87 906 
82 88 901 
82 89 972 
82 90 941 
82 91 903 
82 92 994 
82 93 963 
82 94 959 
82 95 926 
82 96 907 
82 97 981 
82 98 927 
82 99 990 
82 100 910 
83 84 800 
83 85 910 
83 86 929 
83 87 998 
83 88 960 
83 89 924 
83 90 948 
83 91 987 
83 92 942 
83 93 912 
83 94 970 
83 95 985 
83 96 969 
83 97 901 
83 98 908 
83 99 965 
83 100 966 
84 85 932 
84 86 915 
84 87 922 
84 88 988 
84 89 964 
84 90 986 
84 91 987 
84 92 978 
84 93 934 
84 94 993 
84 95 959 
84 96 900 
84 97 958 
84 98 923 
84 99 955 
84 100 948 
85 86 960 
85 87 984 
85 88 924 
85 89 903 
85 90 969 
85 91 908 
85 92 928 
85 93 942 
85 94 957 
85 95 955 
85 96 948 
85 97 907 
85 98 905 
85 99 927 
85 100 913 
86 87 930 
86 88 994 
86 89 988 
86 90 915 
86 91 900 
86 92 993 
86 93 956 
86 94 929 
86 95 950 
86 96 992 
86 97 900 
86 98 968 
86 99 956 
86 100 975 
87 88 952 
87 89 945 
87 90 907 
87 91 926 
87 92 939 
87 93 991 
87 94 913 
87 95 973 
87 96 980 
87 97 925 
87 98 960 
87 99 944 
87 100 971 
88 89 917 
88 90 914 
88 91 910 
88 92 952 
88 93 923 
88 94 919 
88 95 991 
88 96 969 
88 97 928 
88 98 929 
88 99 997 
88 100 950 
89 90 907 
89 91 997 
89 92 904 
89 93 963 
89 94 977 
89 95 902 
89 96 963 
89 97 984 
89 98 997 
89 99 999 
89 100 965 
90 91 979 
90 92 954 
90 93 966 
90 94 973 
90 95 965 
90 96 954 
90 97 954 
90 98 946 
90 99 996 
90 100 919 
91 92 945 
91 93 951 
91 94 944 
91 95 998 
91 96 903 
91 97 923 
91 98 941 
91 99 916 
91 100 994 
92 93 909 
92 94 937 
92 95 903 
92 96 906 
92 97 914 
92 98 955 
92 99 999 
92 100 929 
93 94 942 
93 95 933 
93 96 908 
93 97 903 
93 98 993 
93 99 940 
93 100 939 
94 95 954 
94 96 923 
94 97 935 
94 98 982 
94 99 987 
94 100 964 
95 96 909 
95 97 929 
95 98 952 
95 99 948 
95 100 910 
96 97 998 
96 98 984 
96 99 958 
96 100 975 
97 98 903 
97 99 990 
97 100 906 
98 99 972 
98 100 903 
99 100 945 
