100 3
1  1
2  1
3  0
4  0
5  0
6  0
7  0
8  0
9  0
10  0
11  0
12  0
13  0
14  0
15  0
16  0
17  0
18  0
19  0
20  0
21  0
22  0
23  0
24  0
25  0
26  0
27  0
28  0
29  0
30  0
31  0
32  0
33  0
34  0
35  0
36  0
37  0
38  0
39  0
40  0
41  0
42  0
43  0
44  0
45  0
46  0
47  0
48  0
49  0
50  0
51  0
52  0
53  0
54  0
55  0
56  0
57  0
58  0
59  0
60  0
61  0
62  0
63  0
64  0
65  0
66  0
67  0
68  0
69  0
70  0
71  0
72  0
73  0
74  0
75  0
76  0
77  0
78  0
79  0
80  0
81  0
82  0
83  0
84  0
85  0
86  0
87  0
88  0
89  0
90  0
91  0
92  0
93  0
94  0
95  0
96  0
97  0
98  0
99  0
100 0 
1 2 0 
1 3 95 
1 4 59 
1 5 86 
1 6 44 
1 7 96 
1 8 18 
1 9 7 
1 10 58 
1 11 841 
1 12 841 
1 13 661 
1 14 968 
1 15 270 
1 16 896 
1 17 810 
1 18 212 
1 19 485 
1 20 377 
1 21 645 
1 22 222 
1 23 272 
1 24 248 
1 25 390 
1 26 459 
1 27 702 
1 28 325 
1 29 241 
1 30 453 
1 31 674 
1 32 671 
1 33 961 
1 34 230 
1 35 403 
1 36 352 
1 37 941 
1 38 678 
1 39 516 
1 40 462 
1 41 764 
1 42 933 
1 43 385 
1 44 999 
1 45 616 
1 46 216 
1 47 814 
1 48 330 
1 49 468 
1 50 788 
1 51 255 
1 52 869 
1 53 493 
1 54 827 
1 55 919 
1 56 450 
1 57 673 
1 58 201 
1 59 706 
1 60 688 
1 61 610 
1 62 861 
1 63 657 
1 64 979 
1 65 249 
1 66 296 
1 67 472 
1 68 332 
1 69 811 
1 70 568 
1 71 393 
1 72 582 
1 73 781 
1 74 961 
1 75 751 
1 76 325 
1 77 838 
1 78 848 
1 79 522 
1 80 950 
1 81 80 
1 82 982 
1 83 954 
1 84 915 
1 85 968 
1 86 979 
1 87 984 
1 88 968 
1 89 992 
1 90 949 
1 91 964 
1 92 930 
1 93 97 
1 94 964 
1 95 981 
1 96 937 
1 97 917 
1 98 995 
1 99 904 
1 100 926 
2 3 591 
2 4 744 
2 5 623 
2 6 237 
2 7 919 
2 8 366 
2 9 983 
2 10 825 
2 11 270 
2 12 469 
2 13 569 
2 14 311 
2 15 328 
2 16 410 
2 17 714 
2 18 984 
2 19 687 
2 20 247 
2 21 722 
2 22 493 
2 23 811 
2 24 861 
2 25 691 
2 26 741 
2 27 620 
2 28 977 
2 29 282 
2 30 426 
2 31 925 
2 32 806 
2 33 392 
2 34 282 
2 35 264 
2 36 446 
2 37 477 
2 38 679 
2 39 905 
2 40 736 
2 41 904 
2 42 749 
2 43 788 
2 44 376 
2 45 497 
2 46 342 
2 47 805 
2 48 977 
2 49 931 
2 50 656 
2 51 811 
2 52 659 
2 53 667 
2 54 233 
2 55 308 
2 56 669 
2 57 977 
2 58 944 
2 59 536 
2 60 769 
2 61 521 
2 62 331 
2 63 645 
2 64 546 
2 65 824 
2 66 343 
2 67 365 
2 68 974 
2 69 310 
2 70 932 
2 71 752 
2 72 283 
2 73 264 
2 74 236 
2 75 747 
2 76 227 
2 77 331 
2 78 919 
2 79 958 
2 80 969 
2 81 993 
2 82 991 
2 83 944 
2 84 939 
2 85 988 
2 86 968 
2 87 927 
2 88 984 
2 89 905 
2 90 927 
2 91 942 
2 92 912 
2 93 967 
2 94 964 
2 95 904 
2 96 979 
2 97 919 
2 98 903 
2 99 930 
2 100 993 
3 4 287 
3 5 352 
3 6 592 
3 7 799 
3 8 517 
3 9 763 
3 10 293 
3 11 288 
3 12 385 
3 13 809 
3 14 769 
3 15 289 
3 16 565 
3 17 836 
3 18 457 
3 19 885 
3 20 656 
3 21 248 
3 22 729 
3 23 373 
3 24 655 
3 25 659 
3 26 348 
3 27 999 
3 28 631 
3 29 527 
3 30 845 
3 31 556 
3 32 974 
3 33 286 
3 34 465 
3 35 812 
3 36 796 
3 37 442 
3 38 528 
3 39 994 
3 40 708 
3 41 714 
3 42 376 
3 43 263 
3 44 770 
3 45 627 
3 46 304 
3 47 736 
3 48 997 
3 49 933 
3 50 893 
3 51 390 
3 52 745 
3 53 289 
3 54 20 
3 55 918 
3 56 665 
3 57 443 
3 58 363 
3 59 680 
3 60 964 
3 61 843 
3 62 339 
3 63 457 
3 64 719 
3 65 496 
3 66 515 
3 67 668 
3 68 231 
3 69 736 
3 70 584 
3 71 585 
3 72 973 
3 73 618 
3 74 896 
3 75 250 
3 76 257 
3 77 761 
3 78 424 
3 79 822 
3 80 928 
3 81 961 
3 82 951 
3 83 942 
3 84 920 
3 85 908 
3 86 903 
3 87 985 
3 88 900 
3 89 952 
3 90 923 
3 91 944 
3 92 904 
3 93 945 
3 94 970 
3 95 910 
3 96 978 
3 97 991 
3 98 976 
3 99 982 
3 100 982 
4 5 396 
4 6 360 
4 7 515 
4 8 862 
4 9 784 
4 10 934 
4 11 521 
4 12 776 
4 13 881 
4 14 648 
4 15 534 
4 16 447 
4 17 512 
4 18 465 
4 19 205 
4 20 567 
4 21 971 
4 22 803 
4 23 976 
4 24 657 
4 25 998 
4 26 610 
4 27 449 
4 28 403 
4 29 408 
4 30 653 
4 31 790 
4 32 356 
4 33 677 
4 34 572 
4 35 351 
4 36 842 
4 37 287 
4 38 408 
4 39 694 
4 40 324 
4 41 971 
4 42 413 
4 43 682 
4 44 615 
4 45 788 
4 46 912 
4 47 588 
4 48 505 
4 49 723 
4 50 544 
4 51 822 
4 52 623 
4 53 377 
4 54 926 
4 55 735 
4 56 423 
4 57 674 
4 58 636 
4 59 767 
4 60 837 
4 61 730 
4 62 583 
4 63 482 
4 64 397 
4 65 908 
4 66 324 
4 67 943 
4 68 773 
4 69 655 
4 70 652 
4 71 822 
4 72 840 
4 73 271 
4 74 391 
4 75 827 
4 76 202 
4 77 892 
4 78 297 
4 79 613 
4 80 934 
4 81 998 
4 82 982 
4 83 939 
4 84 962 
4 85 998 
4 86 989 
4 87 973 
4 88 958 
4 89 957 
4 90 936 
4 91 953 
4 92 923 
4 93 951 
4 94 943 
4 95 977 
4 96 998 
4 97 916 
4 98 946 
4 99 922 
4 100 943 
5 6 911 
5 7 788 
5 8 207 
5 9 837 
5 10 490 
5 11 433 
5 12 889 
5 13 359 
5 14 759 
5 15 435 
5 16 741 
5 17 890 
5 18 695 
5 19 908 
5 20 302 
5 21 830 
5 22 814 
5 23 782 
5 24 649 
5 25 562 
5 26 606 
5 27 244 
5 28 795 
5 29 252 
5 30 802 
5 31 979 
5 32 444 
5 33 501 
5 34 618 
5 35 350 
5 36 461 
5 37 506 
5 38 889 
5 39 348 
5 40 728 
5 41 754 
5 42 288 
5 43 363 
5 44 811 
5 45 224 
5 46 728 
5 47 368 
5 48 756 
5 49 520 
5 50 834 
5 51 870 
5 52 796 
5 53 897 
5 54 446 
5 55 546 
5 56 323 
5 57 256 
5 58 814 
5 59 360 
5 60 703 
5 61 478 
5 62 872 
5 63 943 
5 64 596 
5 65 334 
5 66 798 
5 67 693 
5 68 786 
5 69 897 
5 70 494 
5 71 355 
5 72 881 
5 73 565 
5 74 679 
5 75 990 
5 76 302 
5 77 610 
5 78 290 
5 79 243 
5 80 981 
5 81 907 
5 82 965 
5 83 943 
5 84 963 
5 85 945 
5 86 993 
5 87 941 
5 88 986 
5 89 955 
5 90 953 
5 91 972 
5 92 963 
5 93 961 
5 94 973 
5 95 905 
5 96 985 
5 97 966 
5 98 909 
5 99 948 
5 100 913 
6 7 227 
6 8 419 
6 9 765 
6 10 607 
6 11 711 
6 12 420 
6 13 438 
6 14 993 
6 15 394 
6 16 527 
6 17 460 
6 18 609 
6 19 367 
6 20 566 
6 21 949 
6 22 989 
6 23 647 
6 24 352 
6 25 926 
6 26 279 
6 27 817 
6 28 692 
6 29 454 
6 30 608 
6 31 660 
6 32 519 
6 33 986 
6 34 867 
6 35 664 
6 36 933 
6 37 910 
6 38 209 
6 39 840 
6 40 769 
6 41 448 
6 42 944 
6 43 488 
6 44 637 
6 45 429 
6 46 963 
6 47 758 
6 48 568 
6 49 784 
6 50 823 
6 51 802 
6 52 987 
6 53 894 
6 54 755 
6 55 237 
6 56 994 
6 57 707 
6 58 861 
6 59 387 
6 60 298 
6 61 762 
6 62 556 
6 63 791 
6 64 351 
6 65 910 
6 66 241 
6 67 963 
6 68 386 
6 69 820 
6 70 261 
6 71 892 
6 72 476 
6 73 260 
6 74 465 
6 75 823 
6 76 294 
6 77 700 
6 78 575 
6 79 383 
6 80 923 
6 81 968 
6 82 999 
6 83 902 
6 84 972 
6 85 971 
6 86 943 
6 87 996 
6 88 945 
6 89 968 
6 90 992 
6 91 973 
6 92 926 
6 93 994 
6 94 983 
6 95 969 
6 96 937 
6 97 990 
6 98 901 
6 99 913 
6 100 992 
7 8 628 
7 9 851 
7 10 836 
7 11 849 
7 12 517 
7 13 541 
7 14 394 
7 15 318 
7 16 460 
7 17 324 
7 18 223 
7 19 958 
7 20 699 
7 21 545 
7 22 223 
7 23 884 
7 24 852 
7 25 605 
7 26 962 
7 27 485 
7 28 528 
7 29 619 
7 30 709 
7 31 856 
7 32 363 
7 33 801 
7 34 953 
7 35 908 
7 36 310 
7 37 15 
7 38 794 
7 39 398 
7 40 413 
7 41 474 
7 42 940 
7 43 606 
7 44 981 
7 45 205 
7 46 522 
7 47 537 
7 48 881 
7 49 438 
7 50 986 
7 51 980 
7 52 251 
7 53 416 
7 54 500 
7 55 784 
7 56 289 
7 57 704 
7 58 543 
7 59 204 
7 60 311 
7 61 295 
7 62 971 
7 63 842 
7 64 210 
7 65 615 
7 66 846 
7 67 289 
7 68 928 
7 69 805 
7 70 223 
7 71 744 
7 72 871 
7 73 930 
7 74 948 
7 75 862 
7 76 420 
7 77 201 
7 78 636 
7 79 633 
7 80 906 
7 81 925 
7 82 932 
7 83 918 
7 84 912 
7 85 923 
7 86 999 
7 87 900 
7 88 979 
7 89 995 
7 90 920 
7 91 908 
7 92 960 
7 93 923 
7 94 925 
7 95 993 
7 96 976 
7 97 930 
7 98 913 
7 99 924 
7 100 939 
8 9 832 
8 10 536 
8 11 380 
8 12 245 
8 13 914 
8 14 271 
8 15 522 
8 16 728 
8 17 631 
8 18 475 
8 19 747 
8 20 775 
8 21 818 
8 22 959 
8 23 845 
8 24 363 
8 25 515 
8 26 966 
8 27 963 
8 28 449 
8 29 456 
8 30 875 
8 31 836 
8 32 741 
8 33 855 
8 34 645 
8 35 322 
8 36 955 
8 37 823 
8 38 499 
8 39 619 
8 40 642 
8 41 514 
8 42 619 
8 43 546 
8 44 826 
8 45 283 
8 46 962 
8 47 443 
8 48 719 
8 49 814 
8 50 955 
8 51 857 
8 52 877 
8 53 204 
8 54 496 
8 55 744 
8 56 258 
8 57 803 
8 58 642 
8 59 633 
8 60 241 
8 61 831 
8 62 320 
8 63 512 
8 64 796 
8 65 804 
8 66 249 
8 67 431 
8 68 238 
8 69 870 
8 70 962 
8 71 240 
8 72 236 
8 73 750 
8 74 806 
8 75 709 
8 76 794 
8 77 494 
8 78 560 
8 79 928 
8 80 956 
8 81 996 
8 82 967 
8 83 940 
8 84 999 
8 85 922 
8 86 928 
8 87 983 
8 88 911 
8 89 918 
8 90 910 
8 91 986 
8 92 943 
8 93 995 
8 94 963 
8 95 919 
8 96 907 
8 97 949 
8 98 915 
8 99 936 
8 100 955 
9 10 909 
9 11 414 
9 12 890 
9 13 898 
9 14 212 
9 15 894 
9 16 691 
9 17 436 
9 18 420 
9 19 618 
9 20 722 
9 21 423 
9 22 968 
9 23 348 
9 24 445 
9 25 204 
9 26 998 
9 27 933 
9 28 504 
9 29 722 
9 30 463 
9 31 233 
9 32 558 
9 33 771 
9 34 302 
9 35 638 
9 36 737 
9 37 413 
9 38 686 
9 39 802 
9 40 337 
9 41 977 
9 42 521 
9 43 319 
9 44 846 
9 45 445 
9 46 276 
9 47 576 
9 48 799 
9 49 394 
9 50 364 
9 51 944 
9 52 910 
9 53 518 
9 54 831 
9 55 759 
9 56 793 
9 57 991 
9 58 346 
9 59 436 
9 60 985 
9 61 963 
9 62 406 
9 63 344 
9 64 463 
9 65 346 
9 66 641 
9 67 616 
9 68 244 
9 69 449 
9 70 334 
9 71 593 
9 72 574 
9 73 357 
9 74 700 
9 75 393 
9 76 849 
9 77 227 
9 78 231 
9 79 394 
9 80 950 
9 81 985 
9 82 927 
9 83 970 
9 84 962 
9 85 905 
9 86 978 
9 87 970 
9 88 900 
9 89 900 
9 90 909 
9 91 951 
9 92 999 
9 93 997 
9 94 980 
9 95 992 
9 96 930 
9 97 954 
9 98 902 
9 99 990 
9 100 955 
10 11 843 
10 12 322 
10 13 976 
10 14 845 
10 15 430 
10 16 653 
10 17 493 
10 18 648 
10 19 812 
10 20 561 
10 21 625 
10 22 615 
10 23 692 
10 24 443 
10 25 442 
10 26 427 
10 27 254 
10 28 976 
10 29 701 
10 30 838 
10 31 343 
10 32 361 
10 33 465 
10 34 978 
10 35 621 
10 36 436 
10 37 733 
10 38 276 
10 39 474 
10 40 587 
10 41 867 
10 42 820 
10 43 658 
10 44 659 
10 45 329 
10 46 857 
10 47 427 
10 48 948 
10 49 716 
10 50 518 
10 51 558 
10 52 699 
10 53 995 
10 54 279 
10 55 417 
10 56 498 
10 57 948 
10 58 666 
10 59 850 
10 60 762 
10 61 409 
10 62 526 
10 63 611 
10 64 846 
10 65 976 
10 66 924 
10 67 536 
10 68 919 
10 69 390 
10 70 984 
10 71 290 
10 72 654 
10 73 673 
10 74 982 
10 75 713 
10 76 213 
10 77 975 
10 78 428 
10 79 635 
10 80 994 
10 81 905 
10 82 993 
10 83 971 
10 84 990 
10 85 900 
10 86 948 
10 87 996 
10 88 948 
10 89 925 
10 90 973 
10 91 944 
10 92 921 
10 93 981 
10 94 914 
10 95 919 
10 96 979 
10 97 980 
10 98 993 
10 99 971 
10 100 922 
11 12 50 
11 13 65 
11 14 21 
11 15 58 
11 16 61 
11 17 340 
11 18 626 
11 19 939 
11 20 887 
11 21 757 
11 22 264 
11 23 317 
11 24 600 
11 25 479 
11 26 956 
11 27 605 
11 28 706 
11 29 882 
11 30 206 
11 31 249 
11 32 239 
11 33 615 
11 34 387 
11 35 297 
11 36 278 
11 37 773 
11 38 685 
11 39 973 
11 40 415 
11 41 675 
11 42 632 
11 43 872 
11 44 617 
11 45 225 
11 46 377 
11 47 413 
11 48 312 
11 49 485 
11 50 375 
11 51 334 
11 52 800 
11 53 790 
11 54 855 
11 55 623 
11 56 978 
11 57 762 
11 58 969 
11 59 780 
11 60 585 
11 61 912 
11 62 948 
11 63 319 
11 64 914 
11 65 268 
11 66 385 
11 67 816 
11 68 383 
11 69 439 
11 70 778 
11 71 746 
11 72 331 
11 73 514 
11 74 961 
11 75 769 
11 76 651 
11 77 238 
11 78 448 
11 79 614 
11 80 961 
11 81 950 
11 82 985 
11 83 933 
11 84 988 
11 85 975 
11 86 920 
11 87 943 
11 88 979 
11 89 987 
11 90 998 
11 91 914 
11 92 919 
11 93 954 
11 94 931 
11 95 954 
11 96 967 
11 97 959 
11 98 908 
11 99 948 
11 100 949 
12 13 601 
12 14 989 
12 15 917 
12 16 486 
12 17 863 
12 18 854 
12 19 937 
12 20 838 
12 21 870 
12 22 668 
12 23 948 
12 24 287 
12 25 252 
12 26 427 
12 27 802 
12 28 825 
12 29 775 
12 30 887 
12 31 356 
12 32 296 
12 33 555 
12 34 388 
12 35 950 
12 36 713 
12 37 733 
12 38 388 
12 39 404 
12 40 987 
12 41 934 
12 42 597 
12 43 412 
12 44 638 
12 45 438 
12 46 311 
12 47 44 
12 48 834 
12 49 876 
12 50 686 
12 51 238 
12 52 726 
12 53 410 
12 54 652 
12 55 540 
12 56 789 
12 57 845 
12 58 212 
12 59 603 
12 60 849 
12 61 861 
12 62 515 
12 63 701 
12 64 577 
12 65 778 
12 66 307 
12 67 228 
12 68 553 
12 69 960 
12 70 909 
12 71 961 
12 72 905 
12 73 557 
12 74 690 
12 75 877 
12 76 741 
12 77 668 
12 78 776 
12 79 456 
12 80 990 
12 81 918 
12 82 996 
12 83 902 
12 84 987 
12 85 951 
12 86 957 
12 87 958 
12 88 967 
12 89 921 
12 90 953 
12 91 978 
12 92 917 
12 93 995 
12 94 902 
12 95 960 
12 96 983 
12 97 901 
12 98 993 
12 99 920 
12 100 912 
13 14 502 
13 15 441 
13 16 484 
13 17 501 
13 18 885 
13 19 963 
13 20 956 
13 21 434 
13 22 515 
13 23 304 
13 24 778 
13 25 889 
13 26 953 
13 27 868 
13 28 351 
13 29 632 
13 30 595 
13 31 463 
13 32 686 
13 33 400 
13 34 859 
13 35 617 
13 36 435 
13 37 719 
13 38 567 
13 39 238 
13 40 583 
13 41 526 
13 42 754 
13 43 602 
13 44 293 
13 45 587 
13 46 235 
13 47 707 
13 48 506 
13 49 900 
13 50 255 
13 51 665 
13 52 302 
13 53 695 
13 54 279 
13 55 670 
13 56 55 
13 57 597 
13 58 828 
13 59 689 
13 60 326 
13 61 788 
13 62 479 
13 63 848 
13 64 941 
13 65 980 
13 66 479 
13 67 516 
13 68 922 
13 69 744 
13 70 297 
13 71 727 
13 72 920 
13 73 382 
13 74 657 
13 75 315 
13 76 206 
13 77 455 
13 78 277 
13 79 567 
13 80 945 
13 81 978 
13 82 912 
13 83 930 
13 84 990 
13 85 948 
13 86 908 
13 87 951 
13 88 984 
13 89 925 
13 90 904 
13 91 901 
13 92 987 
13 93 908 
13 94 905 
13 95 902 
13 96 955 
13 97 955 
13 98 909 
13 99 995 
13 100 984 
14 15 899 
14 16 710 
14 17 594 
14 18 396 
14 19 692 
14 20 667 
14 21 451 
14 22 233 
14 23 945 
14 24 557 
14 25 669 
14 26 979 
14 27 794 
14 28 81 
14 29 953 
14 30 395 
14 31 209 
14 32 765 
14 33 349 
14 34 810 
14 35 955 
14 36 525 
14 37 386 
14 38 580 
14 39 352 
14 40 481 
14 41 557 
14 42 718 
14 43 474 
14 44 562 
14 45 549 
14 46 992 
14 47 370 
14 48 465 
14 49 258 
14 50 311 
14 51 275 
14 52 396 
14 53 313 
14 54 813 
14 55 592 
14 56 383 
14 57 650 
14 58 627 
14 59 692 
14 60 506 
14 61 294 
14 62 883 
14 63 878 
14 64 279 
14 65 257 
14 66 936 
14 67 984 
14 68 312 
14 69 571 
14 70 474 
14 71 203 
14 72 226 
14 73 590 
14 74 892 
14 75 453 
14 76 924 
14 77 951 
14 78 676 
14 79 278 
14 80 947 
14 81 951 
14 82 929 
14 83 951 
14 84 919 
14 85 935 
14 86 991 
14 87 932 
14 88 906 
14 89 952 
14 90 985 
14 91 973 
14 92 908 
14 93 993 
14 94 911 
14 95 984 
14 96 989 
14 97 990 
14 98 956 
14 99 927 
14 100 990 
15 16 646 
15 17 517 
15 18 780 
15 19 877 
15 20 441 
15 21 226 
15 22 909 
15 23 965 
15 24 674 
15 25 740 
15 26 951 
15 27 879 
15 28 541 
15 29 947 
15 30 400 
15 31 254 
15 32 723 
15 33 376 
15 34 370 
15 35 565 
15 36 820 
15 37 330 
15 38 867 
15 39 208 
15 40 820 
15 41 696 
15 42 627 
15 43 693 
15 44 325 
15 45 693 
15 46 792 
15 47 985 
15 48 408 
15 49 295 
15 50 297 
15 51 466 
15 52 562 
15 53 782 
15 54 988 
15 55 864 
15 56 592 
15 57 500 
15 58 21 
15 59 992 
15 60 634 
15 61 283 
15 62 472 
15 63 217 
15 64 698 
15 65 425 
15 66 379 
15 67 991 
15 68 264 
15 69 857 
15 70 711 
15 71 630 
15 72 423 
15 73 653 
15 74 899 
15 75 908 
15 76 481 
15 77 837 
15 78 696 
15 79 788 
15 80 968 
15 81 927 
15 82 962 
15 83 923 
15 84 970 
15 85 954 
15 86 915 
15 87 964 
15 88 989 
15 89 968 
15 90 926 
15 91 918 
15 92 999 
15 93 955 
15 94 908 
15 95 916 
15 96 916 
15 97 982 
15 98 955 
15 99 982 
15 100 978 
16 17 820 
16 18 544 
16 19 800 
16 20 293 
16 21 985 
16 22 977 
16 23 307 
16 24 913 
16 25 825 
16 26 610 
16 27 401 
16 28 966 
16 29 270 
16 30 427 
16 31 718 
16 32 391 
16 33 602 
16 34 241 
16 35 481 
16 36 616 
16 37 266 
16 38 544 
16 39 459 
16 40 587 
16 41 935 
16 42 710 
16 43 391 
16 44 254 
16 45 451 
16 46 980 
16 47 598 
16 48 465 
16 49 638 
16 50 341 
16 51 584 
16 52 696 
16 53 828 
16 54 972 
16 55 522 
16 56 836 
16 57 583 
16 58 656 
16 59 659 
16 60 962 
16 61 675 
16 62 647 
16 63 652 
16 64 497 
16 65 821 
16 66 387 
16 67 64 
16 68 834 
16 69 324 
16 70 370 
16 71 639 
16 72 300 
16 73 315 
16 74 329 
16 75 567 
16 76 509 
16 77 385 
16 78 881 
16 79 778 
16 80 982 
16 81 928 
16 82 991 
16 83 906 
16 84 947 
16 85 906 
16 86 997 
16 87 934 
16 88 910 
16 89 905 
16 90 908 
16 91 907 
16 92 972 
16 93 961 
16 94 957 
16 95 978 
16 96 926 
16 97 982 
16 98 933 
16 99 995 
16 100 958 
17 18 81 
17 19 2 
17 20 21 
17 21 25 
17 22 78 
17 23 233 
17 24 870 
17 25 560 
17 26 945 
17 27 536 
17 28 442 
17 29 528 
17 30 317 
17 31 268 
17 32 623 
17 33 771 
17 34 754 
17 35 658 
17 36 299 
17 37 752 
17 38 389 
17 39 266 
17 40 559 
17 41 708 
17 42 439 
17 43 630 
17 44 331 
17 45 953 
17 46 815 
17 47 420 
17 48 637 
17 49 517 
17 50 824 
17 51 220 
17 52 622 
17 53 899 
17 54 767 
17 55 520 
17 56 940 
17 57 706 
17 58 459 
17 59 647 
17 60 965 
17 61 240 
17 62 250 
17 63 304 
17 64 391 
17 65 484 
17 66 352 
17 67 390 
17 68 698 
17 69 654 
17 70 511 
17 71 640 
17 72 922 
17 73 479 
17 74 229 
17 75 629 
17 76 790 
17 77 375 
17 78 552 
17 79 458 
17 80 940 
17 81 995 
17 82 86 
17 83 973 
17 84 902 
17 85 963 
17 86 917 
17 87 943 
17 88 928 
17 89 981 
17 90 964 
17 91 927 
17 92 984 
17 93 918 
17 94 923 
17 95 914 
17 96 997 
17 97 62 
17 98 67 
17 99 939 
17 100 983 
18 19 266 
18 20 211 
18 21 513 
18 22 636 
18 23 221 
18 24 915 
18 25 427 
18 26 364 
18 27 826 
18 28 620 
18 29 347 
18 30 717 
18 31 430 
18 32 594 
18 33 861 
18 34 814 
18 35 710 
18 36 515 
18 37 658 
18 38 616 
18 39 614 
18 40 276 
18 41 811 
18 42 742 
18 43 713 
18 44 445 
18 45 452 
18 46 568 
18 47 252 
18 48 772 
18 49 705 
18 50 374 
18 51 729 
18 52 618 
18 53 618 
18 54 437 
18 55 901 
18 56 279 
18 57 710 
18 58 395 
18 59 232 
18 60 581 
18 61 632 
18 62 450 
18 63 207 
18 64 303 
18 65 572 
18 66 638 
18 67 867 
18 68 888 
18 69 672 
18 70 238 
18 71 872 
18 72 764 
18 73 867 
18 74 597 
18 75 245 
18 76 951 
18 77 494 
18 78 886 
18 79 502 
18 80 909 
18 81 931 
18 82 926 
18 83 910 
18 84 943 
18 85 927 
18 86 988 
18 87 934 
18 88 929 
18 89 908 
18 90 916 
18 91 910 
18 92 941 
18 93 943 
18 94 977 
18 95 935 
18 96 962 
18 97 973 
18 98 946 
18 99 992 
18 100 956 
19 20 663 
19 21 308 
19 22 321 
19 23 771 
19 24 642 
19 25 555 
19 26 479 
19 27 990 
19 28 327 
19 29 648 
19 30 799 
19 31 911 
19 32 230 
19 33 732 
19 34 254 
19 35 768 
19 36 991 
19 37 624 
19 38 505 
19 39 599 
19 40 923 
19 41 322 
19 42 562 
19 43 663 
19 44 476 
19 45 861 
19 46 516 
19 47 213 
19 48 869 
19 49 602 
19 50 294 
19 51 795 
19 52 713 
19 53 536 
19 54 2 
19 55 833 
19 56 255 
19 57 821 
19 58 796 
19 59 787 
19 60 545 
19 61 509 
19 62 681 
19 63 447 
19 64 902 
19 65 807 
19 66 254 
19 67 378 
19 68 248 
19 69 697 
19 70 530 
19 71 693 
19 72 761 
19 73 867 
19 74 560 
19 75 267 
19 76 843 
19 77 748 
19 78 658 
19 79 299 
19 80 976 
19 81 900 
19 82 986 
19 83 913 
19 84 919 
19 85 995 
19 86 920 
19 87 991 
19 88 973 
19 89 945 
19 90 904 
19 91 920 
19 92 927 
19 93 978 
19 94 923 
19 95 941 
19 96 987 
19 97 993 
19 98 996 
19 99 970 
19 100 923 
20 21 866 
20 22 734 
20 23 511 
20 24 579 
20 25 420 
20 26 370 
20 27 805 
20 28 240 
20 29 229 
20 30 249 
20 31 373 
20 32 423 
20 33 357 
20 34 751 
20 35 224 
20 36 835 
20 37 262 
20 38 511 
20 39 533 
20 40 940 
20 41 719 
20 42 374 
20 43 376 
20 44 844 
20 45 962 
20 46 969 
20 47 897 
20 48 401 
20 49 509 
20 50 934 
20 51 826 
20 52 802 
20 53 467 
20 54 284 
20 55 823 
20 56 258 
20 57 264 
20 58 457 
20 59 210 
20 60 389 
20 61 494 
20 62 359 
20 63 845 
20 64 725 
20 65 323 
20 66 661 
20 67 903 
20 68 579 
20 69 999 
20 70 743 
20 71 730 
20 72 366 
20 73 990 
20 74 654 
20 75 763 
20 76 917 
20 77 425 
20 78 805 
20 79 207 
20 80 981 
20 81 984 
20 82 900 
20 83 926 
20 84 908 
20 85 939 
20 86 963 
20 87 976 
20 88 913 
20 89 909 
20 90 966 
20 91 931 
20 92 986 
20 93 974 
20 94 918 
20 95 966 
20 96 967 
20 97 962 
20 98 962 
20 99 999 
20 100 980 
21 22 221 
21 23 421 
21 24 864 
21 25 813 
21 26 769 
21 27 800 
21 28 212 
21 29 792 
21 30 828 
21 31 319 
21 32 647 
21 33 921 
21 34 952 
21 35 530 
21 36 438 
21 37 798 
21 38 500 
21 39 434 
21 40 329 
21 41 884 
21 42 951 
21 43 703 
21 44 631 
21 45 966 
21 46 887 
21 47 700 
21 48 984 
21 49 531 
21 50 392 
21 51 359 
21 52 750 
21 53 753 
21 54 486 
21 55 537 
21 56 819 
21 57 675 
21 58 768 
21 59 866 
21 60 513 
21 61 635 
21 62 522 
21 63 610 
21 64 228 
21 65 816 
21 66 289 
21 67 840 
21 68 480 
21 69 606 
21 70 828 
21 71 554 
21 72 257 
21 73 481 
21 74 280 
21 75 616 
21 76 966 
21 77 751 
21 78 736 
21 79 225 
21 80 966 
21 81 906 
21 82 913 
21 83 956 
21 84 915 
21 85 923 
21 86 954 
21 87 961 
21 88 926 
21 89 958 
21 90 975 
21 91 905 
21 92 923 
21 93 999 
21 94 940 
21 95 967 
21 96 944 
21 97 919 
21 98 983 
21 99 956 
21 100 939 
22 23 589 
22 24 632 
22 25 574 
22 26 755 
22 27 573 
22 28 958 
22 29 995 
22 30 660 
22 31 822 
22 32 276 
22 33 920 
22 34 817 
22 35 345 
22 36 696 
22 37 643 
22 38 361 
22 39 599 
22 40 785 
22 41 313 
22 42 808 
22 43 634 
22 44 743 
22 45 294 
22 46 548 
22 47 694 
22 48 612 
22 49 412 
22 50 602 
22 51 205 
22 52 494 
22 53 287 
22 54 775 
22 55 677 
22 56 258 
22 57 621 
22 58 325 
22 59 778 
22 60 272 
22 61 686 
22 62 747 
22 63 546 
22 64 792 
22 65 800 
22 66 387 
22 67 661 
22 68 712 
22 69 767 
22 70 266 
22 71 473 
22 72 658 
22 73 726 
22 74 202 
22 75 319 
22 76 335 
22 77 520 
22 78 280 
22 79 767 
22 80 904 
22 81 940 
22 82 936 
22 83 909 
22 84 946 
22 85 983 
22 86 980 
22 87 951 
22 88 965 
22 89 997 
22 90 972 
22 91 930 
22 92 901 
22 93 934 
22 94 972 
22 95 962 
22 96 925 
22 97 964 
22 98 924 
22 99 987 
22 100 986 
23 24 6 
23 25 6 
23 26 33 
23 27 81 
23 28 27 
23 29 407 
23 30 221 
23 31 204 
23 32 836 
23 33 859 
23 34 686 
23 35 291 
23 36 599 
23 37 745 
23 38 847 
23 39 566 
23 40 492 
23 41 637 
23 42 671 
23 43 568 
23 44 911 
23 45 807 
23 46 208 
23 47 467 
23 48 749 
23 49 673 
23 50 310 
23 51 288 
23 52 610 
23 53 876 
23 54 722 
23 55 648 
23 56 645 
23 57 272 
23 58 636 
23 59 381 
23 60 821 
23 61 304 
23 62 499 
23 63 951 
23 64 738 
23 65 271 
23 66 484 
23 67 655 
23 68 892 
23 69 804 
23 70 955 
23 71 222 
23 72 381 
23 73 222 
23 74 492 
23 75 755 
23 76 917 
23 77 281 
23 78 864 
23 79 790 
23 80 969 
23 81 949 
23 82 975 
23 83 912 
23 84 989 
23 85 66 
23 86 93 
23 87 914 
23 88 985 
23 89 939 
23 90 951 
23 91 989 
23 92 970 
23 93 907 
23 94 901 
23 95 948 
23 96 913 
23 97 931 
23 98 961 
23 99 974 
23 100 996 
24 25 952 
24 26 668 
24 27 225 
24 28 320 
24 29 585 
24 30 856 
24 31 612 
24 32 279 
24 33 389 
24 34 768 
24 35 409 
24 36 651 
24 37 880 
24 38 552 
24 39 660 
24 40 721 
24 41 929 
24 42 544 
24 43 537 
24 44 578 
24 45 268 
24 46 493 
24 47 969 
24 48 691 
24 49 466 
24 50 556 
24 51 207 
24 52 307 
24 53 843 
24 54 549 
24 55 745 
24 56 583 
24 57 719 
24 58 945 
24 59 502 
24 60 260 
24 61 583 
24 62 524 
24 63 900 
24 64 753 
24 65 727 
24 66 632 
24 67 311 
24 68 891 
24 69 744 
24 70 343 
24 71 473 
24 72 917 
24 73 246 
24 74 391 
24 75 805 
24 76 373 
24 77 254 
24 78 507 
24 79 401 
24 80 951 
24 81 999 
24 82 950 
24 83 958 
24 84 921 
24 85 990 
24 86 961 
24 87 932 
24 88 957 
24 89 962 
24 90 957 
24 91 942 
24 92 942 
24 93 982 
24 94 996 
24 95 987 
24 96 966 
24 97 916 
24 98 984 
24 99 913 
24 100 999 
25 26 687 
25 27 870 
25 28 989 
25 29 606 
25 30 592 
25 31 682 
25 32 325 
25 33 513 
25 34 283 
25 35 490 
25 36 344 
25 37 975 
25 38 772 
25 39 308 
25 40 449 
25 41 843 
25 42 877 
25 43 626 
25 44 528 
25 45 687 
25 46 804 
25 47 532 
25 48 341 
25 49 699 
25 50 985 
25 51 636 
25 52 379 
25 53 288 
25 54 224 
25 55 459 
25 56 485 
25 57 588 
25 58 810 
25 59 879 
25 60 970 
25 61 819 
25 62 515 
25 63 841 
25 64 464 
25 65 322 
25 66 716 
25 67 704 
25 68 329 
25 69 611 
25 70 887 
25 71 872 
25 72 975 
25 73 751 
25 74 644 
25 75 655 
25 76 353 
25 77 919 
25 78 926 
25 79 941 
25 80 933 
25 81 945 
25 82 989 
25 83 933 
25 84 970 
25 85 928 
25 86 930 
25 87 956 
25 88 976 
25 89 980 
25 90 914 
25 91 971 
25 92 907 
25 93 909 
25 94 989 
25 95 993 
25 96 904 
25 97 974 
25 98 932 
25 99 962 
25 100 972 
26 27 859 
26 28 849 
26 29 725 
26 30 265 
26 31 406 
26 32 227 
26 33 377 
26 34 203 
26 35 645 
26 36 816 
26 37 411 
26 38 742 
26 39 939 
26 40 581 
26 41 644 
26 42 674 
26 43 861 
26 44 579 
26 45 689 
26 46 330 
26 47 923 
26 48 618 
26 49 373 
26 50 602 
26 51 590 
26 52 394 
26 53 494 
26 54 678 
26 55 289 
26 56 329 
26 57 994 
26 58 746 
26 59 447 
26 60 627 
26 61 321 
26 62 470 
26 63 623 
26 64 261 
26 65 218 
26 66 822 
26 67 913 
26 68 535 
26 69 891 
26 70 770 
26 71 760 
26 72 301 
26 73 617 
26 74 714 
26 75 294 
26 76 380 
26 77 899 
26 78 768 
26 79 648 
26 80 958 
26 81 977 
26 82 925 
26 83 927 
26 84 900 
26 85 917 
26 86 919 
26 87 968 
26 88 923 
26 89 950 
26 90 944 
26 91 967 
26 92 902 
26 93 996 
26 94 982 
26 95 973 
26 96 962 
26 97 908 
26 98 978 
26 99 901 
26 100 944 
27 28 541 
27 29 663 
27 30 643 
27 31 758 
27 32 627 
27 33 289 
27 34 654 
27 35 649 
27 36 476 
27 37 680 
27 38 773 
27 39 665 
27 40 889 
27 41 278 
27 42 346 
27 43 414 
27 44 542 
27 45 731 
27 46 995 
27 47 355 
27 48 408 
27 49 769 
27 50 541 
27 51 457 
27 52 289 
27 53 941 
27 54 476 
27 55 609 
27 56 645 
27 57 922 
27 58 313 
27 59 679 
27 60 466 
27 61 693 
27 62 346 
27 63 319 
27 64 994 
27 65 439 
27 66 608 
27 67 336 
27 68 392 
27 69 391 
27 70 660 
27 71 323 
27 72 316 
27 73 780 
27 74 655 
27 75 283 
27 76 390 
27 77 467 
27 78 619 
27 79 817 
27 80 996 
27 81 905 
27 82 936 
27 83 914 
27 84 957 
27 85 930 
27 86 979 
27 87 913 
27 88 919 
27 89 985 
27 90 913 
27 91 999 
27 92 903 
27 93 960 
27 94 944 
27 95 912 
27 96 907 
27 97 938 
27 98 904 
27 99 919 
27 100 951 
28 29 460 
28 30 613 
28 31 525 
28 32 982 
28 33 699 
28 34 421 
28 35 622 
28 36 967 
28 37 215 
28 38 652 
28 39 590 
28 40 752 
28 41 515 
28 42 997 
28 43 216 
28 44 353 
28 45 463 
28 46 808 
28 47 564 
28 48 848 
28 49 581 
28 50 599 
28 51 655 
28 52 564 
28 53 306 
28 54 698 
28 55 523 
28 56 797 
28 57 629 
28 58 314 
28 59 870 
28 60 820 
28 61 201 
28 62 448 
28 63 394 
28 64 279 
28 65 818 
28 66 267 
28 67 857 
28 68 369 
28 69 617 
28 70 404 
28 71 759 
28 72 762 
28 73 551 
28 74 481 
28 75 533 
28 76 819 
28 77 723 
28 78 907 
28 79 770 
28 80 947 
28 81 965 
28 82 986 
28 83 905 
28 84 932 
28 85 937 
28 86 956 
28 87 943 
28 88 919 
28 89 987 
28 90 954 
28 91 952 
28 92 944 
28 93 972 
28 94 909 
28 95 927 
28 96 902 
28 97 971 
28 98 963 
28 99 912 
28 100 901 
29 30 35 
29 31 6 
29 32 23 
29 33 63 
29 34 78 
29 35 23 
29 36 93 
29 37 4 
29 38 83 
29 39 576 
29 40 652 
29 41 849 
29 42 560 
29 43 612 
29 44 853 
29 45 888 
29 46 902 
29 47 382 
29 48 292 
29 49 393 
29 50 235 
29 51 325 
29 52 329 
29 53 777 
29 54 781 
29 55 548 
29 56 542 
29 57 919 
29 58 405 
29 59 661 
29 60 467 
29 61 807 
29 62 203 
29 63 799 
29 64 406 
29 65 417 
29 66 361 
29 67 687 
29 68 549 
29 69 537 
29 70 577 
29 71 568 
29 72 851 
29 73 780 
29 74 749 
29 75 298 
29 76 700 
29 77 223 
29 78 314 
29 79 756 
29 80 953 
29 81 945 
29 82 988 
29 83 53 
29 84 947 
29 85 925 
29 86 917 
29 87 996 
29 88 989 
29 89 927 
29 90 946 
29 91 942 
29 92 53 
29 93 943 
29 94 84 
29 95 978 
29 96 64 
29 97 946 
29 98 938 
29 99 912 
29 100 962 
30 31 713 
30 32 760 
30 33 883 
30 34 506 
30 35 866 
30 36 857 
30 37 782 
30 38 820 
30 39 503 
30 40 288 
30 41 633 
30 42 428 
30 43 973 
30 44 543 
30 45 708 
30 46 309 
30 47 520 
30 48 508 
30 49 875 
30 50 332 
30 51 573 
30 52 777 
30 53 394 
30 54 432 
30 55 532 
30 56 737 
30 57 350 
30 58 768 
30 59 479 
30 60 326 
30 61 605 
30 62 729 
30 63 670 
30 64 701 
30 65 565 
30 66 876 
30 67 622 
30 68 263 
30 69 325 
30 70 449 
30 71 342 
30 72 318 
30 73 991 
30 74 334 
30 75 463 
30 76 948 
30 77 919 
30 78 501 
30 79 470 
30 80 950 
30 81 944 
30 82 997 
30 83 946 
30 84 989 
30 85 939 
30 86 938 
30 87 940 
30 88 939 
30 89 978 
30 90 953 
30 91 939 
30 92 965 
30 93 929 
30 94 927 
30 95 952 
30 96 930 
30 97 965 
30 98 927 
30 99 984 
30 100 956 
31 32 331 
31 33 596 
31 34 641 
31 35 851 
31 36 627 
31 37 532 
31 38 703 
31 39 486 
31 40 999 
31 41 701 
31 42 637 
31 43 247 
31 44 774 
31 45 487 
31 46 771 
31 47 474 
31 48 979 
31 49 843 
31 50 563 
31 51 997 
31 52 619 
31 53 233 
31 54 449 
31 55 433 
31 56 554 
31 57 572 
31 58 787 
31 59 817 
31 60 669 
31 61 415 
31 62 408 
31 63 439 
31 64 324 
31 65 764 
31 66 744 
31 67 223 
31 68 240 
31 69 696 
31 70 575 
31 71 610 
31 72 310 
31 73 288 
31 74 600 
31 75 314 
31 76 758 
31 77 338 
31 78 779 
31 79 310 
31 80 915 
31 81 903 
31 82 945 
31 83 914 
31 84 969 
31 85 968 
31 86 908 
31 87 986 
31 88 940 
31 89 909 
31 90 999 
31 91 955 
31 92 954 
31 93 981 
31 94 959 
31 95 906 
31 96 914 
31 97 988 
31 98 931 
31 99 903 
31 100 935 
32 33 815 
32 34 427 
32 35 231 
32 36 541 
32 37 670 
32 38 660 
32 39 462 
32 40 994 
32 41 443 
32 42 619 
32 43 467 
32 44 844 
32 45 274 
32 46 402 
32 47 788 
32 48 546 
32 49 834 
32 50 826 
32 51 311 
32 52 889 
32 53 983 
32 54 622 
32 55 966 
32 56 670 
32 57 551 
32 58 608 
32 59 459 
32 60 546 
32 61 623 
32 62 628 
32 63 841 
32 64 936 
32 65 971 
32 66 205 
32 67 224 
32 68 431 
32 69 376 
32 70 891 
32 71 318 
32 72 512 
32 73 298 
32 74 322 
32 75 966 
32 76 535 
32 77 620 
32 78 585 
32 79 226 
32 80 923 
32 81 918 
32 82 963 
32 83 924 
32 84 936 
32 85 935 
32 86 997 
32 87 934 
32 88 973 
32 89 919 
32 90 907 
32 91 960 
32 92 943 
32 93 978 
32 94 920 
32 95 920 
32 96 998 
32 97 940 
32 98 941 
32 99 965 
32 100 970 
33 34 754 
33 35 667 
33 36 679 
33 37 392 
33 38 634 
33 39 577 
33 40 910 
33 41 526 
33 42 308 
33 43 306 
33 44 308 
33 45 428 
33 46 230 
33 47 296 
33 48 293 
33 49 342 
33 50 746 
33 51 607 
33 52 683 
33 53 662 
33 54 564 
33 55 848 
33 56 473 
33 57 779 
33 58 579 
33 59 334 
33 60 250 
33 61 484 
33 62 938 
33 63 706 
33 64 700 
33 65 602 
33 66 924 
33 67 935 
33 68 667 
33 69 209 
33 70 601 
33 71 357 
33 72 687 
33 73 589 
33 74 634 
33 75 686 
33 76 949 
33 77 596 
33 78 542 
33 79 857 
33 80 915 
33 81 967 
33 82 951 
33 83 950 
33 84 966 
33 85 951 
33 86 967 
33 87 991 
33 88 914 
33 89 998 
33 90 923 
33 91 981 
33 92 905 
33 93 957 
33 94 961 
33 95 936 
33 96 989 
33 97 961 
33 98 971 
33 99 999 
33 100 927 
34 35 703 
34 36 584 
34 37 243 
34 38 450 
34 39 443 
34 40 640 
34 41 227 
34 42 414 
34 43 452 
34 44 427 
34 45 260 
34 46 735 
34 47 618 
34 48 932 
34 49 957 
34 50 589 
34 51 642 
34 52 852 
34 53 729 
34 54 351 
34 55 814 
34 56 363 
34 57 718 
34 58 379 
34 59 682 
34 60 924 
34 61 234 
34 62 243 
34 63 635 
34 64 827 
34 65 514 
34 66 571 
34 67 984 
34 68 472 
34 69 731 
34 70 364 
34 71 950 
34 72 696 
34 73 660 
34 74 859 
34 75 501 
34 76 375 
34 77 857 
34 78 950 
34 79 491 
34 80 932 
34 81 997 
34 82 977 
34 83 998 
34 84 955 
34 85 948 
34 86 907 
34 87 962 
34 88 926 
34 89 991 
34 90 982 
34 91 943 
34 92 938 
34 93 909 
34 94 977 
34 95 904 
34 96 951 
34 97 927 
34 98 903 
34 99 962 
34 100 985 
35 36 896 
35 37 553 
35 38 708 
35 39 276 
35 40 840 
35 41 610 
35 42 794 
35 43 823 
35 44 430 
35 45 305 
35 46 284 
35 47 919 
35 48 820 
35 49 764 
35 50 794 
35 51 286 
35 52 730 
35 53 267 
35 54 550 
35 55 265 
35 56 798 
35 57 922 
35 58 214 
35 59 947 
35 60 277 
35 61 960 
35 62 478 
35 63 227 
35 64 328 
35 65 380 
35 66 299 
35 67 277 
35 68 239 
35 69 804 
35 70 287 
35 71 458 
35 72 590 
35 73 814 
35 74 912 
35 75 878 
35 76 530 
35 77 602 
35 78 928 
35 79 749 
35 80 940 
35 81 941 
35 82 912 
35 83 928 
35 84 943 
35 85 959 
35 86 928 
35 87 961 
35 88 953 
35 89 948 
35 90 904 
35 91 978 
35 92 974 
35 93 970 
35 94 999 
35 95 909 
35 96 946 
35 97 943 
35 98 991 
35 99 972 
35 100 992 
36 37 459 
36 38 582 
36 39 826 
36 40 437 
36 41 487 
36 42 208 
36 43 560 
36 44 201 
36 45 914 
36 46 232 
36 47 695 
36 48 491 
36 49 974 
36 50 509 
36 51 288 
36 52 263 
36 53 980 
36 54 676 
36 55 533 
36 56 736 
36 57 264 
36 58 680 
36 59 599 
36 60 411 
36 61 414 
36 62 693 
36 63 954 
36 64 845 
36 65 655 
36 66 738 
36 67 317 
36 68 357 
36 69 218 
36 70 289 
36 71 523 
36 72 633 
36 73 859 
36 74 200 
36 75 788 
36 76 882 
36 77 363 
36 78 318 
36 79 808 
36 80 961 
36 81 994 
36 82 947 
36 83 949 
36 84 941 
36 85 965 
36 86 945 
36 87 969 
36 88 913 
36 89 948 
36 90 982 
36 91 918 
36 92 991 
36 93 956 
36 94 975 
36 95 957 
36 96 979 
36 97 967 
36 98 989 
36 99 903 
36 100 904 
37 38 822 
37 39 253 
37 40 485 
37 41 888 
37 42 377 
37 43 788 
37 44 329 
37 45 940 
37 46 867 
37 47 421 
37 48 908 
37 49 772 
37 50 320 
37 51 624 
37 52 271 
37 53 304 
37 54 234 
37 55 445 
37 56 832 
37 57 814 
37 58 791 
37 59 601 
37 60 358 
37 61 774 
37 62 770 
37 63 846 
37 64 430 
37 65 263 
37 66 889 
37 67 387 
37 68 403 
37 69 320 
37 70 524 
37 71 888 
37 72 879 
37 73 830 
37 74 465 
37 75 800 
37 76 963 
37 77 873 
37 78 791 
37 79 732 
37 80 928 
37 81 905 
37 82 949 
37 83 934 
37 84 921 
37 85 961 
37 86 940 
37 87 920 
37 88 902 
37 89 907 
37 90 944 
37 91 912 
37 92 993 
37 93 915 
37 94 956 
37 95 995 
37 96 911 
37 97 944 
37 98 936 
37 99 911 
37 100 940 
38 39 264 
38 40 413 
38 41 369 
38 42 252 
38 43 244 
38 44 776 
38 45 670 
38 46 980 
38 47 588 
38 48 360 
38 49 794 
38 50 768 
38 51 364 
38 52 835 
38 53 519 
38 54 696 
38 55 471 
38 56 675 
38 57 505 
38 58 849 
38 59 223 
38 60 632 
38 61 228 
38 62 633 
38 63 243 
38 64 651 
38 65 550 
38 66 592 
38 67 875 
38 68 355 
38 69 404 
38 70 999 
38 71 821 
38 72 218 
38 73 901 
38 74 857 
38 75 349 
38 76 893 
38 77 225 
38 78 748 
38 79 734 
38 80 989 
38 81 999 
38 82 921 
38 83 931 
38 84 942 
38 85 955 
38 86 924 
38 87 951 
38 88 923 
38 89 942 
38 90 957 
38 91 960 
38 92 955 
38 93 906 
38 94 901 
38 95 904 
38 96 973 
38 97 996 
38 98 913 
38 99 923 
38 100 912 
39 40 11 
39 41 35 
39 42 11 
39 43 84 
39 44 98 
39 45 518 
39 46 807 
39 47 807 
39 48 555 
39 49 761 
39 50 737 
39 51 528 
39 52 252 
39 53 992 
39 54 872 
39 55 237 
39 56 378 
39 57 647 
39 58 311 
39 59 214 
39 60 681 
39 61 471 
39 62 657 
39 63 796 
39 64 664 
39 65 211 
39 66 849 
39 67 828 
39 68 297 
39 69 532 
39 70 629 
39 71 929 
39 72 256 
39 73 836 
39 74 650 
39 75 349 
39 76 654 
39 77 797 
39 78 502 
39 79 998 
39 80 918 
39 81 943 
39 82 925 
39 83 963 
39 84 974 
39 85 916 
39 86 936 
39 87 930 
39 88 945 
39 89 987 
39 90 989 
39 91 973 
39 92 943 
39 93 988 
39 94 936 
39 95 947 
39 96 923 
39 97 953 
39 98 916 
39 99 965 
39 100 947 
40 41 251 
40 42 608 
40 43 423 
40 44 240 
40 45 694 
40 46 501 
40 47 767 
40 48 302 
40 49 380 
40 50 933 
40 51 700 
40 52 968 
40 53 457 
40 54 792 
40 55 905 
40 56 508 
40 57 706 
40 58 464 
40 59 487 
40 60 372 
40 61 542 
40 62 386 
40 63 857 
40 64 779 
40 65 279 
40 66 664 
40 67 978 
40 68 959 
40 69 853 
40 70 231 
40 71 414 
40 72 948 
40 73 213 
40 74 337 
40 75 595 
40 76 239 
40 77 732 
40 78 474 
40 79 662 
40 80 953 
40 81 983 
40 82 915 
40 83 958 
40 84 978 
40 85 930 
40 86 928 
40 87 962 
40 88 953 
40 89 944 
40 90 928 
40 91 992 
40 92 973 
40 93 992 
40 94 965 
40 95 992 
40 96 955 
40 97 967 
40 98 978 
40 99 920 
40 100 905 
41 42 718 
41 43 542 
41 44 395 
41 45 269 
41 46 744 
41 47 684 
41 48 841 
41 49 712 
41 50 743 
41 51 609 
41 52 306 
41 53 654 
41 54 327 
41 55 555 
41 56 893 
41 57 456 
41 58 910 
41 59 69 
41 60 634 
41 61 462 
41 62 688 
41 63 426 
41 64 426 
41 65 700 
41 66 409 
41 67 555 
41 68 336 
41 69 739 
41 70 443 
41 71 773 
41 72 998 
41 73 936 
41 74 356 
41 75 387 
41 76 950 
41 77 240 
41 78 800 
41 79 460 
41 80 954 
41 81 952 
41 82 965 
41 83 941 
41 84 928 
41 85 983 
41 86 937 
41 87 927 
41 88 929 
41 89 907 
41 90 993 
41 91 937 
41 92 929 
41 93 981 
41 94 941 
41 95 903 
41 96 906 
41 97 943 
41 98 995 
41 99 950 
41 100 974 
42 43 969 
42 44 351 
42 45 356 
42 46 951 
42 47 525 
42 48 530 
42 49 701 
42 50 462 
42 51 392 
42 52 284 
42 53 828 
42 54 324 
42 55 575 
42 56 320 
42 57 638 
42 58 213 
42 59 484 
42 60 435 
42 61 444 
42 62 546 
42 63 323 
42 64 207 
42 65 280 
42 66 201 
42 67 972 
42 68 726 
42 69 450 
42 70 839 
42 71 830 
42 72 941 
42 73 493 
42 74 749 
42 75 536 
42 76 821 
42 77 949 
42 78 803 
42 79 542 
42 80 904 
42 81 975 
42 82 953 
42 83 998 
42 84 945 
42 85 907 
42 86 983 
42 87 923 
42 88 934 
42 89 976 
42 90 983 
42 91 900 
42 92 928 
42 93 990 
42 94 997 
42 95 935 
42 96 972 
42 97 936 
42 98 909 
42 99 918 
42 100 989 
43 44 232 
43 45 429 
43 46 991 
43 47 429 
43 48 343 
43 49 266 
43 50 739 
43 51 831 
43 52 262 
43 53 402 
43 54 890 
43 55 669 
43 56 452 
43 57 418 
43 58 304 
43 59 617 
43 60 204 
43 61 257 
43 62 693 
43 63 262 
43 64 669 
43 65 872 
43 66 656 
43 67 877 
43 68 569 
43 69 398 
43 70 355 
43 71 369 
43 72 352 
43 73 597 
43 74 226 
43 75 621 
43 76 970 
43 77 214 
43 78 403 
43 79 435 
43 80 917 
43 81 910 
43 82 995 
43 83 995 
43 84 989 
43 85 905 
43 86 975 
43 87 927 
43 88 933 
43 89 949 
43 90 973 
43 91 921 
43 92 934 
43 93 959 
43 94 928 
43 95 975 
43 96 975 
43 97 986 
43 98 943 
43 99 924 
43 100 916 
44 45 871 
44 46 333 
44 47 644 
44 48 435 
44 49 279 
44 50 932 
44 51 367 
44 52 973 
44 53 488 
44 54 481 
44 55 207 
44 56 663 
44 57 658 
44 58 879 
44 59 223 
44 60 429 
44 61 276 
44 62 813 
44 63 855 
44 64 796 
44 65 237 
44 66 569 
44 67 326 
44 68 236 
44 69 442 
44 70 538 
44 71 782 
44 72 561 
44 73 979 
44 74 783 
44 75 930 
44 76 496 
44 77 451 
44 78 987 
44 79 512 
44 80 967 
44 81 977 
44 82 957 
44 83 938 
44 84 987 
44 85 965 
44 86 902 
44 87 957 
44 88 977 
44 89 978 
44 90 972 
44 91 904 
44 92 911 
44 93 910 
44 94 965 
44 95 982 
44 96 969 
44 97 934 
44 98 971 
44 99 922 
44 100 908 
45 46 38 
45 47 53 
45 48 2 
45 49 7 
45 50 47 
45 51 658 
45 52 363 
45 53 462 
45 54 270 
45 55 842 
45 56 758 
45 57 722 
45 58 758 
45 59 678 
45 60 634 
45 61 794 
45 62 513 
45 63 920 
45 64 372 
45 65 298 
45 66 372 
45 67 289 
45 68 384 
45 69 582 
45 70 622 
45 71 930 
45 72 667 
45 73 573 
45 74 349 
45 75 898 
45 76 952 
45 77 242 
45 78 580 
45 79 990 
45 80 985 
45 81 932 
45 82 917 
45 83 915 
45 84 90 
45 85 994 
45 86 929 
45 87 936 
45 88 936 
45 89 906 
45 90 96 
45 91 921 
45 92 969 
45 93 976 
45 94 946 
45 95 58 
45 96 989 
45 97 924 
45 98 988 
45 99 996 
45 100 938 
46 47 388 
46 48 781 
46 49 877 
46 50 308 
46 51 475 
46 52 838 
46 53 493 
46 54 846 
46 55 967 
46 56 557 
46 57 252 
46 58 687 
46 59 828 
46 60 665 
46 61 625 
46 62 639 
46 63 436 
46 64 279 
46 65 576 
46 66 438 
46 67 491 
46 68 559 
46 69 947 
46 70 298 
46 71 889 
46 72 565 
46 73 841 
46 74 376 
46 75 723 
46 76 308 
46 77 304 
46 78 948 
46 79 769 
46 80 914 
46 81 918 
46 82 984 
46 83 989 
46 84 967 
46 85 997 
46 86 948 
46 87 916 
46 88 958 
46 89 909 
46 90 997 
46 91 977 
46 92 984 
46 93 918 
46 94 967 
46 95 927 
46 96 937 
46 97 915 
46 98 944 
46 99 985 
46 100 982 
47 48 667 
47 49 804 
47 50 433 
47 51 542 
47 52 421 
47 53 677 
47 54 944 
47 55 402 
47 56 297 
47 57 378 
47 58 585 
47 59 207 
47 60 902 
47 61 232 
47 62 314 
47 63 364 
47 64 203 
47 65 721 
47 66 594 
47 67 933 
47 68 330 
47 69 844 
47 70 443 
47 71 687 
47 72 411 
47 73 488 
47 74 875 
47 75 924 
47 76 784 
47 77 896 
47 78 458 
47 79 563 
47 80 926 
47 81 948 
47 82 982 
47 83 929 
47 84 925 
47 85 966 
47 86 949 
47 87 935 
47 88 922 
47 89 933 
47 90 937 
47 91 926 
47 92 966 
47 93 981 
47 94 902 
47 95 953 
47 96 986 
47 97 971 
47 98 931 
47 99 931 
47 100 926 
48 49 892 
48 50 477 
48 51 322 
48 52 461 
48 53 482 
48 54 975 
48 55 648 
48 56 335 
48 57 287 
48 58 553 
48 59 940 
48 60 203 
48 61 758 
48 62 383 
48 63 225 
48 64 437 
48 65 288 
48 66 224 
48 67 845 
48 68 390 
48 69 912 
48 70 371 
48 71 656 
48 72 658 
48 73 903 
48 74 755 
48 75 884 
48 76 522 
48 77 380 
48 78 491 
48 79 729 
48 80 988 
48 81 935 
48 82 989 
48 83 924 
48 84 986 
48 85 914 
48 86 980 
48 87 952 
48 88 948 
48 89 947 
48 90 921 
48 91 966 
48 92 901 
48 93 961 
48 94 907 
48 95 929 
48 96 963 
48 97 999 
48 98 981 
48 99 943 
48 100 959 
49 50 529 
49 51 201 
49 52 912 
49 53 765 
49 54 959 
49 55 246 
49 56 577 
49 57 494 
49 58 855 
49 59 998 
49 60 415 
49 61 688 
49 62 617 
49 63 708 
49 64 300 
49 65 877 
49 66 486 
49 67 907 
49 68 997 
49 69 319 
49 70 711 
49 71 696 
49 72 223 
49 73 382 
49 74 285 
49 75 592 
49 76 994 
49 77 458 
49 78 885 
49 79 625 
49 80 950 
49 81 916 
49 82 920 
49 83 931 
49 84 978 
49 85 924 
49 86 986 
49 87 930 
49 88 922 
49 89 927 
49 90 942 
49 91 953 
49 92 938 
49 93 987 
49 94 944 
49 95 951 
49 96 944 
49 97 986 
49 98 919 
49 99 910 
49 100 962 
50 51 968 
50 52 823 
50 53 404 
50 54 538 
50 55 213 
50 56 860 
50 57 236 
50 58 377 
50 59 820 
50 60 474 
50 61 770 
50 62 504 
50 63 565 
50 64 877 
50 65 320 
50 66 998 
50 67 584 
50 68 660 
50 69 760 
50 70 903 
50 71 408 
50 72 416 
50 73 543 
50 74 891 
50 75 839 
50 76 990 
50 77 965 
50 78 336 
50 79 686 
50 80 949 
50 81 995 
50 82 979 
50 83 919 
50 84 909 
50 85 907 
50 86 975 
50 87 999 
50 88 930 
50 89 961 
50 90 985 
50 91 952 
50 92 928 
50 93 984 
50 94 957 
50 95 908 
50 96 909 
50 97 952 
50 98 938 
50 99 989 
50 100 972 
51 52 75 
51 53 29 
51 54 48 
51 55 72 
51 56 83 
51 57 997 
51 58 982 
51 59 359 
51 60 785 
51 61 830 
51 62 915 
51 63 806 
51 64 580 
51 65 310 
51 66 557 
51 67 290 
51 68 480 
51 69 965 
51 70 903 
51 71 235 
51 72 963 
51 73 988 
51 74 744 
51 75 693 
51 76 811 
51 77 688 
51 78 290 
51 79 810 
51 80 970 
51 81 995 
51 82 984 
51 83 950 
51 84 908 
51 85 999 
51 86 966 
51 87 995 
51 88 81 
51 89 987 
51 90 977 
51 91 69 
51 92 985 
51 93 975 
51 94 908 
51 95 915 
51 96 900 
51 97 970 
51 98 970 
51 99 62 
51 100 89 
52 53 752 
52 54 809 
52 55 935 
52 56 753 
52 57 805 
52 58 937 
52 59 484 
52 60 444 
52 61 269 
52 62 733 
52 63 453 
52 64 533 
52 65 669 
52 66 453 
52 67 870 
52 68 710 
52 69 405 
52 70 387 
52 71 922 
52 72 715 
52 73 381 
52 74 902 
52 75 830 
52 76 823 
52 77 929 
52 78 275 
52 79 698 
52 80 968 
52 81 944 
52 82 989 
52 83 956 
52 84 979 
52 85 918 
52 86 979 
52 87 900 
52 88 997 
52 89 926 
52 90 978 
52 91 956 
52 92 934 
52 93 908 
52 94 930 
52 95 948 
52 96 994 
52 97 930 
52 98 974 
52 99 950 
52 100 948 
53 54 937 
53 55 301 
53 56 696 
53 57 765 
53 58 397 
53 59 551 
53 60 273 
53 61 470 
53 62 882 
53 63 911 
53 64 534 
53 65 210 
53 66 367 
53 67 408 
53 68 842 
53 69 664 
53 70 916 
53 71 995 
53 72 292 
53 73 262 
53 74 946 
53 75 671 
53 76 572 
53 77 298 
53 78 457 
53 79 483 
53 80 995 
53 81 955 
53 82 936 
53 83 944 
53 84 919 
53 85 984 
53 86 951 
53 87 919 
53 88 927 
53 89 905 
53 90 932 
53 91 936 
53 92 990 
53 93 945 
53 94 904 
53 95 934 
53 96 910 
53 97 927 
53 98 911 
53 99 910 
53 100 986 
54 55 341 
54 56 480 
54 57 630 
54 58 871 
54 59 332 
54 60 686 
54 61 953 
54 62 582 
54 63 644 
54 64 384 
54 65 296 
54 66 852 
54 67 624 
54 68 932 
54 69 725 
54 70 927 
54 71 381 
54 72 326 
54 73 511 
54 74 295 
54 75 837 
54 76 458 
54 77 923 
54 78 380 
54 79 532 
54 80 954 
54 81 956 
54 82 964 
54 83 910 
54 84 991 
54 85 940 
54 86 952 
54 87 921 
54 88 934 
54 89 935 
54 90 902 
54 91 904 
54 92 979 
54 93 958 
54 94 992 
54 95 936 
54 96 992 
54 97 929 
54 98 900 
54 99 976 
54 100 994 
55 56 202 
55 57 577 
55 58 956 
55 59 983 
55 60 885 
55 61 407 
55 62 362 
55 63 426 
55 64 996 
55 65 446 
55 66 397 
55 67 958 
55 68 411 
55 69 446 
55 70 526 
55 71 909 
55 72 868 
55 73 466 
55 74 495 
55 75 382 
55 76 810 
55 77 57 
55 78 979 
55 79 363 
55 80 920 
55 81 977 
55 82 922 
55 83 994 
55 84 978 
55 85 961 
55 86 990 
55 87 995 
55 88 914 
55 89 901 
55 90 921 
55 91 939 
55 92 942 
55 93 915 
55 94 913 
55 95 980 
55 96 914 
55 97 998 
55 98 924 
55 99 919 
55 100 989 
56 57 502 
56 58 472 
56 59 485 
56 60 914 
56 61 868 
56 62 240 
56 63 580 
56 64 417 
56 65 811 
56 66 619 
56 67 332 
56 68 963 
56 69 942 
56 70 788 
56 71 331 
56 72 266 
56 73 957 
56 74 674 
56 75 392 
56 76 235 
56 77 290 
56 78 217 
56 79 368 
56 80 974 
56 81 980 
56 82 901 
56 83 982 
56 84 996 
56 85 998 
56 86 910 
56 87 945 
56 88 930 
56 89 905 
56 90 985 
56 91 953 
56 92 992 
56 93 970 
56 94 985 
56 95 980 
56 96 919 
56 97 925 
56 98 988 
56 99 949 
56 100 963 
57 58 96 
57 59 0 
57 60 38 
57 61 99 
57 62 63 
57 63 90 
57 64 444 
57 65 457 
57 66 320 
57 67 900 
57 68 911 
57 69 339 
57 70 288 
57 71 451 
57 72 204 
57 73 474 
57 74 801 
57 75 857 
57 76 208 
57 77 225 
57 78 452 
57 79 997 
57 80 909 
57 81 973 
57 82 988 
57 83 945 
57 84 908 
57 85 919 
57 86 901 
57 87 936 
57 88 916 
57 89 86 
57 90 928 
57 91 985 
57 92 923 
57 93 969 
57 94 904 
57 95 969 
57 96 924 
57 97 984 
57 98 935 
57 99 929 
57 100 972 
58 59 872 
58 60 227 
58 61 960 
58 62 331 
58 63 619 
58 64 312 
58 65 510 
58 66 414 
58 67 218 
58 68 391 
58 69 627 
58 70 619 
58 71 409 
58 72 302 
58 73 577 
58 74 582 
58 75 330 
58 76 882 
58 77 396 
58 78 885 
58 79 462 
58 80 943 
58 81 945 
58 82 915 
58 83 999 
58 84 976 
58 85 979 
58 86 969 
58 87 996 
58 88 975 
58 89 946 
58 90 942 
58 91 960 
58 92 933 
58 93 982 
58 94 935 
58 95 965 
58 96 925 
58 97 969 
58 98 997 
58 99 973 
58 100 958 
59 60 328 
59 61 221 
59 62 799 
59 63 282 
59 64 927 
59 65 984 
59 66 626 
59 67 347 
59 68 435 
59 69 670 
59 70 758 
59 71 458 
59 72 595 
59 73 322 
59 74 630 
59 75 782 
59 76 493 
59 77 524 
59 78 616 
59 79 788 
59 80 950 
59 81 983 
59 82 966 
59 83 954 
59 84 907 
59 85 943 
59 86 926 
59 87 953 
59 88 925 
59 89 919 
59 90 927 
59 91 995 
59 92 922 
59 93 912 
59 94 980 
59 95 943 
59 96 943 
59 97 985 
59 98 949 
59 99 914 
59 100 933 
60 61 702 
60 62 687 
60 63 544 
60 64 302 
60 65 476 
60 66 234 
60 67 633 
60 68 879 
60 69 927 
60 70 737 
60 71 607 
60 72 962 
60 73 883 
60 74 697 
60 75 957 
60 76 238 
60 77 319 
60 78 214 
60 79 457 
60 80 938 
60 81 998 
60 82 906 
60 83 988 
60 84 991 
60 85 969 
60 86 916 
60 87 954 
60 88 994 
60 89 946 
60 90 963 
60 91 957 
60 92 973 
60 93 964 
60 94 907 
60 95 923 
60 96 945 
60 97 948 
60 98 988 
60 99 927 
60 100 927 
61 62 394 
61 63 467 
61 64 501 
61 65 337 
61 66 863 
61 67 755 
61 68 520 
61 69 644 
61 70 898 
61 71 389 
61 72 533 
61 73 480 
61 74 687 
61 75 924 
61 76 269 
61 77 511 
61 78 388 
61 79 931 
61 80 922 
61 81 974 
61 82 975 
61 83 916 
61 84 914 
61 85 934 
61 86 948 
61 87 962 
61 88 980 
61 89 994 
61 90 946 
61 91 969 
61 92 968 
61 93 959 
61 94 917 
61 95 995 
61 96 982 
61 97 984 
61 98 966 
61 99 923 
61 100 927 
62 63 333 
62 64 481 
62 65 802 
62 66 424 
62 67 598 
62 68 280 
62 69 293 
62 70 846 
62 71 973 
62 72 373 
62 73 382 
62 74 625 
62 75 562 
62 76 310 
62 77 500 
62 78 791 
62 79 225 
62 80 992 
62 81 939 
62 82 925 
62 83 999 
62 84 957 
62 85 901 
62 86 973 
62 87 906 
62 88 989 
62 89 983 
62 90 941 
62 91 949 
62 92 949 
62 93 945 
62 94 912 
62 95 977 
62 96 999 
62 97 969 
62 98 975 
62 99 992 
62 100 927 
63 64 844 
63 65 383 
63 66 635 
63 67 586 
63 68 654 
63 69 641 
63 70 313 
63 71 913 
63 72 863 
63 73 866 
63 74 344 
63 75 805 
63 76 896 
63 77 402 
63 78 891 
63 79 417 
63 80 984 
63 81 925 
63 82 914 
63 83 929 
63 84 947 
63 85 914 
63 86 975 
63 87 917 
63 88 935 
63 89 983 
63 90 902 
63 91 915 
63 92 970 
63 93 905 
63 94 928 
63 95 989 
63 96 944 
63 97 969 
63 98 975 
63 99 987 
63 100 987 
64 65 21 
64 66 71 
64 67 18 
64 68 61 
64 69 20 
64 70 35 
64 71 46 
64 72 629 
64 73 285 
64 74 998 
64 75 356 
64 76 984 
64 77 589 
64 78 432 
64 79 240 
64 80 79 
64 81 958 
64 82 979 
64 83 991 
64 84 922 
64 85 982 
64 86 948 
64 87 952 
64 88 939 
64 89 936 
64 90 969 
64 91 914 
64 92 953 
64 93 909 
64 94 988 
64 95 946 
64 96 942 
64 97 999 
64 98 944 
64 99 920 
64 100 989 
65 66 513 
65 67 643 
65 68 909 
65 69 389 
65 70 208 
65 71 851 
65 72 217 
65 73 955 
65 74 544 
65 75 322 
65 76 452 
65 77 673 
65 78 235 
65 79 545 
65 80 943 
65 81 995 
65 82 948 
65 83 907 
65 84 972 
65 85 959 
65 86 914 
65 87 952 
65 88 917 
65 89 918 
65 90 959 
65 91 922 
65 92 961 
65 93 908 
65 94 976 
65 95 998 
65 96 989 
65 97 939 
65 98 996 
65 99 999 
65 100 998 
66 67 479 
66 68 537 
66 69 701 
66 70 455 
66 71 971 
66 72 848 
66 73 570 
66 74 271 
66 75 252 
66 76 766 
66 77 430 
66 78 918 
66 79 623 
66 80 906 
66 81 923 
66 82 995 
66 83 907 
66 84 997 
66 85 957 
66 86 996 
66 87 923 
66 88 989 
66 89 968 
66 90 923 
66 91 968 
66 92 981 
66 93 902 
66 94 907 
66 95 944 
66 96 914 
66 97 985 
66 98 958 
66 99 978 
66 100 952 
67 68 770 
67 69 729 
67 70 947 
67 71 658 
67 72 923 
67 73 983 
67 74 885 
67 75 460 
67 76 870 
67 77 240 
67 78 318 
67 79 496 
67 80 959 
67 81 993 
67 82 980 
67 83 982 
67 84 988 
67 85 953 
67 86 953 
67 87 923 
67 88 916 
67 89 915 
67 90 935 
67 91 901 
67 92 979 
67 93 968 
67 94 941 
67 95 917 
67 96 902 
67 97 947 
67 98 966 
67 99 940 
67 100 971 
68 69 634 
68 70 612 
68 71 832 
68 72 708 
68 73 581 
68 74 532 
68 75 635 
68 76 209 
68 77 516 
68 78 209 
68 79 660 
68 80 965 
68 81 983 
68 82 913 
68 83 930 
68 84 983 
68 85 956 
68 86 969 
68 87 939 
68 88 918 
68 89 906 
68 90 970 
68 91 908 
68 92 996 
68 93 999 
68 94 982 
68 95 976 
68 96 961 
68 97 923 
68 98 904 
68 99 903 
68 100 976 
69 70 203 
69 71 965 
69 72 870 
69 73 949 
69 74 350 
69 75 893 
69 76 484 
69 77 775 
69 78 733 
69 79 617 
69 80 934 
69 81 916 
69 82 905 
69 83 910 
69 84 952 
69 85 946 
69 86 982 
69 87 979 
69 88 962 
69 89 954 
69 90 993 
69 91 922 
69 92 938 
69 93 984 
69 94 920 
69 95 994 
69 96 980 
69 97 983 
69 98 983 
69 99 955 
69 100 917 
70 71 785 
70 72 655 
70 73 746 
70 74 581 
70 75 975 
70 76 620 
70 77 484 
70 78 333 
70 79 622 
70 80 922 
70 81 930 
70 82 925 
70 83 934 
70 84 942 
70 85 943 
70 86 917 
70 87 979 
70 88 961 
70 89 914 
70 90 994 
70 91 907 
70 92 984 
70 93 948 
70 94 910 
70 95 963 
70 96 964 
70 97 959 
70 98 956 
70 99 980 
70 100 934 
71 72 332 
71 73 980 
71 74 311 
71 75 369 
71 76 369 
71 77 533 
71 78 397 
71 79 513 
71 80 978 
71 81 923 
71 82 993 
71 83 998 
71 84 989 
71 85 983 
71 86 930 
71 87 988 
71 88 971 
71 89 993 
71 90 999 
71 91 962 
71 92 991 
71 93 978 
71 94 992 
71 95 999 
71 96 904 
71 97 995 
71 98 997 
71 99 912 
71 100 960 
72 73 61 
72 74 24 
72 75 92 
72 76 7 
72 77 6 
72 78 82 
72 79 39 
72 80 997 
72 81 943 
72 82 967 
72 83 966 
72 84 915 
72 85 937 
72 86 959 
72 87 65 
72 88 998 
72 89 928 
72 90 943 
72 91 926 
72 92 972 
72 93 955 
72 94 979 
72 95 916 
72 96 955 
72 97 909 
72 98 949 
72 99 930 
72 100 934 
73 74 263 
73 75 262 
73 76 459 
73 77 884 
73 78 994 
73 79 594 
73 80 980 
73 81 937 
73 82 903 
73 83 943 
73 84 939 
73 85 984 
73 86 942 
73 87 999 
73 88 978 
73 89 912 
73 90 900 
73 91 905 
73 92 981 
73 93 987 
73 94 989 
73 95 906 
73 96 938 
73 97 973 
73 98 951 
73 99 979 
73 100 937 
74 75 509 
74 76 827 
74 77 314 
74 78 858 
74 79 214 
74 80 903 
74 81 944 
74 82 946 
74 83 926 
74 84 949 
74 85 916 
74 86 926 
74 87 910 
74 88 923 
74 89 964 
74 90 980 
74 91 976 
74 92 917 
74 93 911 
74 94 970 
74 95 957 
74 96 978 
74 97 949 
74 98 934 
74 99 903 
74 100 947 
75 76 303 
75 77 998 
75 78 615 
75 79 624 
75 80 938 
75 81 904 
75 82 900 
75 83 999 
75 84 910 
75 85 996 
75 86 931 
75 87 912 
75 88 977 
75 89 902 
75 90 947 
75 91 992 
75 92 931 
75 93 988 
75 94 937 
75 95 995 
75 96 968 
75 97 934 
75 98 997 
75 99 989 
75 100 966 
76 77 889 
76 78 730 
76 79 562 
76 80 991 
76 81 939 
76 82 932 
76 83 990 
76 84 956 
76 85 965 
76 86 993 
76 87 956 
76 88 979 
76 89 977 
76 90 952 
76 91 937 
76 92 937 
76 93 905 
76 94 976 
76 95 930 
76 96 990 
76 97 918 
76 98 978 
76 99 988 
76 100 986 
77 78 742 
77 79 227 
77 80 952 
77 81 934 
77 82 948 
77 83 960 
77 84 957 
77 85 906 
77 86 988 
77 87 990 
77 88 918 
77 89 941 
77 90 951 
77 91 953 
77 92 979 
77 93 989 
77 94 957 
77 95 983 
77 96 943 
77 97 904 
77 98 921 
77 99 908 
77 100 911 
78 79 799 
78 80 941 
78 81 967 
78 82 907 
78 83 991 
78 84 970 
78 85 949 
78 86 971 
78 87 950 
78 88 924 
78 89 979 
78 90 999 
78 91 955 
78 92 906 
78 93 916 
78 94 927 
78 95 996 
78 96 953 
78 97 939 
78 98 993 
78 99 908 
78 100 910 
79 80 952 
79 81 966 
79 82 942 
79 83 987 
79 84 951 
79 85 913 
79 86 988 
79 87 962 
79 88 909 
79 89 985 
79 90 983 
79 91 976 
79 92 929 
79 93 948 
79 94 993 
79 95 995 
79 96 951 
79 97 945 
79 98 944 
79 99 993 
79 100 980 
80 81 953 
80 82 916 
80 83 986 
80 84 950 
80 85 998 
80 86 931 
80 87 972 
80 88 930 
80 89 961 
80 90 902 
80 91 993 
80 92 932 
80 93 908 
80 94 927 
80 95 980 
80 96 978 
80 97 938 
80 98 982 
80 99 970 
80 100 929 
81 82 970 
81 83 918 
81 84 967 
81 85 954 
81 86 966 
81 87 974 
81 88 901 
81 89 998 
81 90 954 
81 91 923 
81 92 905 
81 93 963 
81 94 951 
81 95 987 
81 96 931 
81 97 923 
81 98 907 
81 99 994 
81 100 935 
82 83 903 
82 84 902 
82 85 903 
82 86 968 
82 87 998 
82 88 981 
82 89 969 
82 90 931 
82 91 903 
82 92 952 
82 93 935 
82 94 922 
82 95 925 
82 96 978 
82 97 951 
82 98 989 
82 99 945 
82 100 975 
83 84 970 
83 85 937 
83 86 944 
83 87 917 
83 88 976 
83 89 995 
83 90 968 
83 91 953 
83 92 939 
83 93 941 
83 94 997 
83 95 910 
83 96 968 
83 97 999 
83 98 960 
83 99 953 
83 100 979 
84 85 944 
84 86 912 
84 87 997 
84 88 953 
84 89 978 
84 90 985 
84 91 917 
84 92 976 
84 93 929 
84 94 952 
84 95 906 
84 96 901 
84 97 920 
84 98 914 
84 99 945 
84 100 943 
85 86 919 
85 87 973 
85 88 936 
85 89 935 
85 90 919 
85 91 907 
85 92 988 
85 93 958 
85 94 941 
85 95 907 
85 96 963 
85 97 995 
85 98 956 
85 99 961 
85 100 974 
86 87 932 
86 88 947 
86 89 956 
86 90 953 
86 91 949 
86 92 901 
86 93 936 
86 94 964 
86 95 949 
86 96 949 
86 97 976 
86 98 959 
86 99 934 
86 100 983 
87 88 939 
87 89 920 
87 90 993 
87 91 942 
87 92 989 
87 93 944 
87 94 922 
87 95 991 
87 96 941 
87 97 993 
87 98 931 
87 99 906 
87 100 927 
88 89 909 
88 90 934 
88 91 920 
88 92 923 
88 93 992 
88 94 975 
88 95 904 
88 96 952 
88 97 931 
88 98 903 
88 99 919 
88 100 943 
89 90 908 
89 91 913 
89 92 909 
89 93 919 
89 94 911 
89 95 905 
89 96 931 
89 97 999 
89 98 906 
89 99 977 
89 100 992 
90 91 980 
90 92 955 
90 93 901 
90 94 986 
90 95 908 
90 96 998 
90 97 986 
90 98 962 
90 99 949 
90 100 952 
91 92 931 
91 93 914 
91 94 971 
91 95 997 
91 96 951 
91 97 981 
91 98 969 
91 99 975 
91 100 974 
92 93 904 
92 94 984 
92 95 989 
92 96 962 
92 97 969 
92 98 936 
92 99 939 
92 100 971 
93 94 977 
93 95 984 
93 96 963 
93 97 984 
93 98 942 
93 99 982 
93 100 967 
94 95 932 
94 96 904 
94 97 987 
94 98 986 
94 99 960 
94 100 921 
95 96 942 
95 97 991 
95 98 967 
95 99 979 
95 100 934 
96 97 968 
96 98 945 
96 99 970 
96 100 952 
97 98 998 
97 99 961 
97 100 951 
98 99 968 
98 100 940 
99 100 991 
