100 3
1   1
2   0 
3   0
4   0
5   0
6   0
7   1
8   1
9   1
10  0
11  1
12  0
13  0
14  0
15  1
16  1
17  0
18  0
19  0
20  0
21  0
22  0
23  0
24  0
25  0
26  0
27  0
28  1
29  0
30  1
31  0
32  0
33  0
34  0
35  0
36  0
37  0
38  0
39  0
40  1
41  0
42  1
43  0
44  0
45  1
46  0
47  0
48  0
49  0
50  0
51  0
52  0
53  0
54  1
55  0
56  0
57  0
58  1
59  0
60  0
61  0
62  1
63  0
64  0
65  0
66  0
67  0
68  0
69  0
70  0
71  0
72  0
73  0
74  1
75  0
76  0
77  0
78  0
79  0
80  0
81  0
82  0
83  0
84  1
85  0
86  0
87  0
88  0
89  0
90  0
91  1
92  0
93  0
94  0
95  0
96  0
97  0
98  0
99  0 
100 1
1 2 57 
1 3 36 
1 4 86 
1 5 80 
1 6 59 
1 7 74 
1 8 23 
1 9 33 
1 10 62 
1 11 86 
1 12 12 
1 13 63 
1 14 0 
1 15 573 
1 16 468 
1 17 464 
1 18 510 
1 19 323 
1 20 289 
1 21 614 
1 22 128 
1 23 236 
1 24 197 
1 25 939 
1 26 126 
1 27 593 
1 28 205 
1 29 499 
1 30 792 
1 31 130 
1 32 481 
1 33 743 
1 34 712 
1 35 241 
1 36 386 
1 37 872 
1 38 856 
1 39 661 
1 40 329 
1 41 187 
1 42 429 
1 43 667 
1 44 869 
1 45 694 
1 46 278 
1 47 246 
1 48 542 
1 49 304 
1 50 881 
1 51 310 
1 52 655 
1 53 715 
1 54 420 
1 55 997 
1 56 314 
1 57 202 
1 58 748 
1 59 810 
1 60 962 
1 61 699 
1 62 326 
1 63 629 
1 64 418 
1 65 236 
1 66 603 
1 67 779 
1 68 903 
1 69 926 
1 70 871 
1 71 389 
1 72 920 
1 73 387 
1 74 324 
1 75 478 
1 76 799 
1 77 293 
1 78 524 
1 79 425 
1 80 706 
1 81 418 
1 82 416 
1 83 913 
1 84 992 
1 85 623 
1 86 614 
1 87 896 
1 88 359 
1 89 423 
1 90 536 
1 91 156 
1 92 685 
1 93 218 
1 94 667 
1 95 720 
1 96 767 
1 97 392 
1 98 953 
1 99 513 
1 100 946 
2 3 329 
2 4 499 
2 5 199 
2 6 964 
2 7 258 
2 8 812 
2 9 296 
2 10 292 
2 11 713 
2 12 950 
2 13 156 
2 14 286 
2 15 572 
2 16 302 
2 17 156 
2 18 500 
2 19 665 
2 20 860 
2 21 167 
2 22 878 
2 23 667 
2 24 921 
2 25 745 
2 26 474 
2 27 697 
2 28 217 
2 29 671 
2 30 362 
2 31 692 
2 32 507 
2 33 612 
2 34 257 
2 35 561 
2 36 336 
2 37 455 
2 38 639 
2 39 403 
2 40 114 
2 41 565 
2 42 784 
2 43 502 
2 44 363 
2 45 687 
2 46 132 
2 47 851 
2 48 561 
2 49 572 
2 50 187 
2 51 722 
2 52 912 
2 53 598 
2 54 301 
2 55 240 
2 56 310 
2 57 218 
2 58 887 
2 59 256 
2 60 863 
2 61 201 
2 62 451 
2 63 126 
2 64 564 
2 65 684 
2 66 220 
2 67 710 
2 68 991 
2 69 728 
2 70 188 
2 71 934 
2 72 947 
2 73 655 
2 74 745 
2 75 914 
2 76 658 
2 77 451 
2 78 758 
2 79 933 
2 80 374 
2 81 787 
2 82 927 
2 83 306 
2 84 689 
2 85 192 
2 86 685 
2 87 792 
2 88 392 
2 89 240 
2 90 247 
2 91 613 
2 92 213 
2 93 181 
2 94 814 
2 95 760 
2 96 127 
2 97 556 
2 98 875 
2 99 957 
2 100 648 
3 4 205 
3 5 974 
3 6 427 
3 7 576 
3 8 721 
3 9 453 
3 10 245 
3 11 900 
3 12 974 
3 13 400 
3 14 494 
3 15 749 
3 16 941 
3 17 627 
3 18 265 
3 19 365 
3 20 450 
3 21 356 
3 22 653 
3 23 397 
3 24 348 
3 25 627 
3 26 368 
3 27 414 
3 28 284 
3 29 651 
3 30 285 
3 31 591 
3 32 439 
3 33 992 
3 34 469 
3 35 899 
3 36 516 
3 37 467 
3 38 689 
3 39 196 
3 40 412 
3 41 618 
3 42 554 
3 43 409 
3 44 404 
3 45 760 
3 46 503 
3 47 232 
3 48 261 
3 49 623 
3 50 916 
3 51 119 
3 52 947 
3 53 212 
3 54 498 
3 55 494 
3 56 302 
3 57 969 
3 58 426 
3 59 787 
3 60 932 
3 61 929 
3 62 113 
3 63 164 
3 64 601 
3 65 342 
3 66 229 
3 67 754 
3 68 235 
3 69 651 
3 70 370 
3 71 890 
3 72 486 
3 73 359 
3 74 378 
3 75 291 
3 76 543 
3 77 858 
3 78 224 
3 79 982 
3 80 946 
3 81 658 
3 82 511 
3 83 382 
3 84 713 
3 85 819 
3 86 673 
3 87 332 
3 88 643 
3 89 974 
3 90 514 
3 91 177 
3 92 619 
3 93 906 
3 94 682 
3 95 663 
3 96 477 
3 97 665 
3 98 531 
3 99 446 
3 100 703 
4 5 508 
4 6 302 
4 7 227 
4 8 544 
4 9 120 
4 10 636 
4 11 849 
4 12 706 
4 13 509 
4 14 703 
4 15 912 
4 16 722 
4 17 907 
4 18 900 
4 19 216 
4 20 328 
4 21 137 
4 22 554 
4 23 742 
4 24 844 
4 25 370 
4 26 398 
4 27 995 
4 28 205 
4 29 391 
4 30 325 
4 31 230 
4 32 776 
4 33 735 
4 34 331 
4 35 861 
4 36 773 
4 37 864 
4 38 668 
4 39 437 
4 40 895 
4 41 694 
4 42 668 
4 43 777 
4 44 628 
4 45 651 
4 46 391 
4 47 496 
4 48 609 
4 49 524 
4 50 249 
4 51 307 
4 52 555 
4 53 406 
4 54 564 
4 55 903 
4 56 835 
4 57 693 
4 58 448 
4 59 402 
4 60 974 
4 61 879 
4 62 444 
4 63 775 
4 64 646 
4 65 406 
4 66 566 
4 67 546 
4 68 446 
4 69 271 
4 70 595 
4 71 401 
4 72 287 
4 73 474 
4 74 742 
4 75 476 
4 76 954 
4 77 265 
4 78 975 
4 79 416 
4 80 228 
4 81 467 
4 82 323 
4 83 139 
4 84 393 
4 85 936 
4 86 154 
4 87 852 
4 88 204 
4 89 189 
4 90 344 
4 91 581 
4 92 826 
4 93 134 
4 94 339 
4 95 135 
4 96 182 
4 97 692 
4 98 429 
4 99 807 
4 100 633 
5 6 501 
5 7 340 
5 8 664 
5 9 761 
5 10 716 
5 11 679 
5 12 353 
5 13 808 
5 14 180 
5 15 819 
5 16 349 
5 17 311 
5 18 512 
5 19 252 
5 20 496 
5 21 721 
5 22 866 
5 23 226 
5 24 592 
5 25 696 
5 26 692 
5 27 857 
5 28 164 
5 29 431 
5 30 272 
5 31 599 
5 32 881 
5 33 430 
5 34 127 
5 35 607 
5 36 855 
5 37 158 
5 38 403 
5 39 565 
5 40 769 
5 41 454 
5 42 272 
5 43 659 
5 44 663 
5 45 950 
5 46 567 
5 47 959 
5 48 183 
5 49 922 
5 50 459 
5 51 988 
5 52 793 
5 53 817 
5 54 454 
5 55 470 
5 56 903 
5 57 236 
5 58 828 
5 59 528 
5 60 380 
5 61 803 
5 62 569 
5 63 112 
5 64 218 
5 65 467 
5 66 509 
5 67 210 
5 68 635 
5 69 937 
5 70 431 
5 71 714 
5 72 629 
5 73 230 
5 74 453 
5 75 742 
5 76 533 
5 77 377 
5 78 209 
5 79 239 
5 80 179 
5 81 237 
5 82 706 
5 83 525 
5 84 292 
5 85 218 
5 86 188 
5 87 975 
5 88 672 
5 89 686 
5 90 221 
5 91 607 
5 92 118 
5 93 380 
5 94 365 
5 95 273 
5 96 247 
5 97 890 
5 98 266 
5 99 892 
5 100 344 
6 7 615 
6 8 541 
6 9 469 
6 10 369 
6 11 606 
6 12 573 
6 13 133 
6 14 637 
6 15 290 
6 16 786 
6 17 661 
6 18 158 
6 19 701 
6 20 785 
6 21 453 
6 22 610 
6 23 423 
6 24 949 
6 25 129 
6 26 775 
6 27 894 
6 28 302 
6 29 926 
6 30 137 
6 31 453 
6 32 123 
6 33 206 
6 34 452 
6 35 731 
6 36 603 
6 37 945 
6 38 77 
6 39 185 
6 40 497 
6 41 757 
6 42 970 
6 43 888 
6 44 783 
6 45 623 
6 46 423 
6 47 362 
6 48 693 
6 49 975 
6 50 256 
6 51 315 
6 52 204 
6 53 825 
6 54 785 
6 55 943 
6 56 520 
6 57 284 
6 58 768 
6 59 355 
6 60 172 
6 61 915 
6 62 707 
6 63 878 
6 64 629 
6 65 697 
6 66 169 
6 67 849 
6 68 297 
6 69 410 
6 70 887 
6 71 451 
6 72 287 
6 73 443 
6 74 924 
6 75 303 
6 76 667 
6 77 861 
6 78 730 
6 79 154 
6 80 393 
6 81 411 
6 82 777 
6 83 891 
6 84 981 
6 85 820 
6 86 520 
6 87 493 
6 88 343 
6 89 426 
6 90 466 
6 91 384 
6 92 314 
6 93 229 
6 94 586 
6 95 688 
6 96 131 
6 97 664 
6 98 415 
6 99 286 
6 100 114 
7 8 382 
7 9 543 
7 10 551 
7 11 272 
7 12 569 
7 13 493 
7 14 823 
7 15 950 
7 16 686 
7 17 942 
7 18 708 
7 19 159 
7 20 898 
7 21 492 
7 22 559 
7 23 797 
7 24 630 
7 25 311 
7 26 335 
7 27 633 
7 28 598 
7 29 922 
7 30 427 
7 31 343 
7 32 649 
7 33 914 
7 34 266 
7 35 949 
7 36 770 
7 37 790 
7 38 496 
7 39 603 
7 40 432 
7 41 666 
7 42 307 
7 43 273 
7 44 959 
7 45 403 
7 46 822 
7 47 763 
7 48 414 
7 49 981 
7 50 220 
7 51 129 
7 52 751 
7 53 745 
7 54 546 
7 55 709 
7 56 143 
7 57 688 
7 58 656 
7 59 613 
7 60 254 
7 61 513 
7 62 661 
7 63 552 
7 64 241 
7 65 864 
7 66 724 
7 67 479 
7 68 780 
7 69 734 
7 70 584 
7 71 76 
7 72 223 
7 73 828 
7 74 271 
7 75 682 
7 76 128 
7 77 535 
7 78 406 
7 79 503 
7 80 835 
7 81 631 
7 82 811 
7 83 211 
7 84 134 
7 85 942 
7 86 609 
7 87 348 
7 88 217 
7 89 731 
7 90 601 
7 91 118 
7 92 250 
7 93 534 
7 94 285 
7 95 746 
7 96 405 
7 97 817 
7 98 134 
7 99 351 
7 100 62 
8 9 260 
8 10 446 
8 11 898 
8 12 599 
8 13 563 
8 14 810 
8 15 589 
8 16 137 
8 17 824 
8 18 632 
8 19 253 
8 20 601 
8 21 413 
8 22 495 
8 23 269 
8 24 590 
8 25 915 
8 26 407 
8 27 936 
8 28 562 
8 29 979 
8 30 962 
8 31 657 
8 32 949 
8 33 421 
8 34 947 
8 35 148 
8 36 795 
8 37 634 
8 38 174 
8 39 482 
8 40 355 
8 41 961 
8 42 154 
8 43 635 
8 44 632 
8 45 361 
8 46 943 
8 47 548 
8 48 783 
8 49 860 
8 50 796 
8 51 984 
8 52 687 
8 53 181 
8 54 485 
8 55 688 
8 56 789 
8 57 964 
8 58 253 
8 59 390 
8 60 214 
8 61 991 
8 62 160 
8 63 608 
8 64 124 
8 65 482 
8 66 587 
8 67 172 
8 68 888 
8 69 979 
8 70 911 
8 71 631 
8 72 899 
8 73 112 
8 74 843 
8 75 833 
8 76 261 
8 77 917 
8 78 202 
8 79 890 
8 80 125 
8 81 936 
8 82 476 
8 83 161 
8 84 216 
8 85 310 
8 86 383 
8 87 362 
8 88 653 
8 89 409 
8 90 526 
8 91 628 
8 92 722 
8 93 737 
8 94 184 
8 95 976 
8 96 129 
8 97 21 
8 98 535 
8 99 151 
8 100 344 
9 10 504 
9 11 511 
9 12 392 
9 13 795 
9 14 779 
9 15 114 
9 16 125 
9 17 436 
9 18 566 
9 19 355 
9 20 661 
9 21 133 
9 22 532 
9 23 718 
9 24 403 
9 25 358 
9 26 231 
9 27 145 
9 28 238 
9 29 863 
9 30 600 
9 31 851 
9 32 285 
9 33 551 
9 34 483 
9 35 269 
9 36 254 
9 37 538 
9 38 545 
9 39 537 
9 40 728 
9 41 322 
9 42 547 
9 43 786 
9 44 220 
9 45 178 
9 46 417 
9 47 152 
9 48 775 
9 49 408 
9 50 166 
9 51 257 
9 52 299 
9 53 714 
9 54 657 
9 55 35 
9 56 131 
9 57 650 
9 58 423 
9 59 445 
9 60 702 
9 61 613 
9 62 804 
9 63 731 
9 64 351 
9 65 600 
9 66 514 
9 67 282 
9 68 347 
9 69 909 
9 70 618 
9 71 393 
9 72 303 
9 73 645 
9 74 494 
9 75 918 
9 76 262 
9 77 163 
9 78 689 
9 79 487 
9 80 560 
9 81 863 
9 82 335 
9 83 561 
9 84 237 
9 85 762 
9 86 498 
9 87 294 
9 88 496 
9 89 226 
9 90 903 
9 91 782 
9 92 308 
9 93 240 
9 94 779 
9 95 994 
9 96 788 
9 97 586 
9 98 388 
9 99 957 
9 100 739 
10 11 208 
10 12 799 
10 13 888 
10 14 959 
10 15 725 
10 16 433 
10 17 674 
10 18 610 
10 19 179 
10 20 716 
10 21 614 
10 22 313 
10 23 630 
10 24 530 
10 25 468 
10 26 374 
10 27 488 
10 28 621 
10 29 864 
10 30 236 
10 31 551 
10 32 401 
10 33 487 
10 34 259 
10 35 142 
10 36 692 
10 37 374 
10 38 177 
10 39 319 
10 40 602 
10 41 318 
10 42 539 
10 43 205 
10 44 699 
10 45 661 
10 46 654 
10 47 804 
10 48 116 
10 49 864 
10 50 891 
10 51 416 
10 52 304 
10 53 840 
10 54 348 
10 55 146 
10 56 654 
10 57 592 
10 58 723 
10 59 127 
10 60 967 
10 61 477 
10 62 950 
10 63 204 
10 64 590 
10 65 470 
10 66 776 
10 67 156 
10 68 890 
10 69 856 
10 70 434 
10 71 991 
10 72 939 
10 73 914 
10 74 116 
10 75 308 
10 76 706 
10 77 295 
10 78 955 
10 79 547 
10 80 971 
10 81 641 
10 82 547 
10 83 402 
10 84 585 
10 85 889 
10 86 405 
10 87 111 
10 88 447 
10 89 798 
10 90 913 
10 91 681 
10 92 645 
10 93 971 
10 94 774 
10 95 502 
10 96 876 
10 97 231 
10 98 360 
10 99 715 
10 100 137 
11 12 955 
11 13 741 
11 14 630 
11 15 856 
11 16 813 
11 17 785 
11 18 846 
11 19 353 
11 20 621 
11 21 614 
11 22 414 
11 23 544 
11 24 421 
11 25 534 
11 26 583 
11 27 629 
11 28 32 
11 29 896 
11 30 483 
11 31 326 
11 32 699 
11 33 997 
11 34 226 
11 35 590 
11 36 341 
11 37 717 
11 38 532 
11 39 319 
11 40 177 
11 41 779 
11 42 239 
11 43 338 
11 44 799 
11 45 810 
11 46 459 
11 47 322 
11 48 776 
11 49 316 
11 50 523 
11 51 800 
11 52 830 
11 53 375 
11 54 747 
11 55 692 
11 56 744 
11 57 507 
11 58 733 
11 59 219 
11 60 431 
11 61 843 
11 62 763 
11 63 498 
11 64 336 
11 65 260 
11 66 672 
11 67 263 
11 68 131 
11 69 434 
11 70 579 
11 71 300 
11 72 322 
11 73 819 
11 74 567 
11 75 239 
11 76 503 
11 77 811 
11 78 425 
11 79 67 
11 80 496 
11 81 231 
11 82 822 
11 83 924 
11 84 956 
11 85 695 
11 86 648 
11 87 383 
11 88 843 
11 89 809 
11 90 359 
11 91 194 
11 92 701 
11 93 915 
11 94 235 
11 95 229 
11 96 885 
11 97 791 
11 98 698 
11 99 192 
11 100 140 
12 13 615 
12 14 530 
12 15 562 
12 16 671 
12 17 303 
12 18 889 
12 19 179 
12 20 611 
12 21 637 
12 22 629 
12 23 279 
12 24 759 
12 25 611 
12 26 220 
12 27 404 
12 28 189 
12 29 325 
12 30 272 
12 31 917 
12 32 562 
12 33 217 
12 34 535 
12 35 697 
12 36 133 
12 37 211 
12 38 929 
12 39 795 
12 40 764 
12 41 903 
12 42 587 
12 43 347 
12 44 200 
12 45 166 
12 46 367 
12 47 225 
12 48 594 
12 49 246 
12 50 683 
12 51 964 
12 52 460 
12 53 686 
12 54 750 
12 55 244 
12 56 703 
12 57 472 
12 58 895 
12 59 268 
12 60 637 
12 61 861 
12 62 593 
12 63 928 
12 64 986 
12 65 790 
12 66 756 
12 67 678 
12 68 204 
12 69 210 
12 70 907 
12 71 994 
12 72 127 
12 73 238 
12 74 194 
12 75 246 
12 76 450 
12 77 915 
12 78 284 
12 79 381 
12 80 189 
12 81 514 
12 82 508 
12 83 741 
12 84 438 
12 85 332 
12 86 615 
12 87 401 
12 88 557 
12 89 957 
12 90 266 
12 91 991 
12 92 178 
12 93 813 
12 94 542 
12 95 471 
12 96 653 
12 97 869 
12 98 785 
12 99 576 
12 100 527 
13 14 572 
13 15 182 
13 16 673 
13 17 815 
13 18 544 
13 19 884 
13 20 677 
13 21 766 
13 22 420 
13 23 629 
13 24 487 
13 25 291 
13 26 579 
13 27 478 
13 28 787 
13 29 335 
13 30 431 
13 31 564 
13 32 362 
13 33 213 
13 34 696 
13 35 814 
13 36 596 
13 37 682 
13 38 185 
13 39 832 
13 40 346 
13 41 270 
13 42 409 
13 43 600 
13 44 320 
13 45 908 
13 46 433 
13 47 392 
13 48 423 
13 49 932 
13 50 249 
13 51 350 
13 52 621 
13 53 724 
13 54 403 
13 55 545 
13 56 583 
13 57 754 
13 58 882 
13 59 594 
13 60 252 
13 61 535 
13 62 742 
13 63 136 
13 64 646 
13 65 845 
13 66 747 
13 67 781 
13 68 889 
13 69 487 
13 70 395 
13 71 489 
13 72 885 
13 73 937 
13 74 657 
13 75 791 
13 76 628 
13 77 691 
13 78 420 
13 79 350 
13 80 531 
13 81 836 
13 82 854 
13 83 781 
13 84 255 
13 85 984 
13 86 602 
13 87 151 
13 88 888 
13 89 931 
13 90 645 
13 91 580 
13 92 124 
13 93 398 
13 94 415 
13 95 332 
13 96 578 
13 97 863 
13 98 545 
13 99 400 
13 100 332 
14 15 467 
14 16 633 
14 17 163 
14 18 657 
14 19 423 
14 20 434 
14 21 863 
14 22 653 
14 23 303 
14 24 634 
14 25 900 
14 26 249 
14 27 147 
14 28 133 
14 29 452 
14 30 781 
14 31 692 
14 32 874 
14 33 628 
14 34 669 
14 35 568 
14 36 952 
14 37 530 
14 38 558 
14 39 202 
14 40 743 
14 41 948 
14 42 956 
14 43 607 
14 44 495 
14 45 841 
14 46 279 
14 47 310 
14 48 856 
14 49 349 
14 50 435 
14 51 290 
14 52 737 
14 53 612 
14 54 260 
14 55 603 
14 56 563 
14 57 629 
14 58 869 
14 59 896 
14 60 392 
14 61 596 
14 62 144 
14 63 967 
14 64 383 
14 65 573 
14 66 262 
14 67 530 
14 68 212 
14 69 753 
14 70 313 
14 71 657 
14 72 222 
14 73 737 
14 74 491 
14 75 727 
14 76 349 
14 77 488 
14 78 364 
14 79 622 
14 80 329 
14 81 903 
14 82 847 
14 83 709 
14 84 786 
14 85 369 
14 86 499 
14 87 533 
14 88 223 
14 89 800 
14 90 302 
14 91 491 
14 92 210 
14 93 311 
14 94 392 
14 95 123 
14 96 439 
14 97 373 
14 98 911 
14 99 135 
14 100 635 
15 16 98 
15 17 22 
15 18 31 
15 19 68 
15 20 4 
15 21 0 
15 22 50 
15 23 45 
15 24 94 
15 25 84 
15 26 27 
15 27 56 
15 28 46 
15 29 0 
15 30 710 
15 31 712 
15 32 154 
15 33 626 
15 34 643 
15 35 422 
15 36 242 
15 37 751 
15 38 448 
15 39 437 
15 40 822 
15 41 136 
15 42 638 
15 43 434 
15 44 463 
15 45 279 
15 46 512 
15 47 459 
15 48 118 
15 49 958 
15 50 258 
15 51 605 
15 52 858 
15 53 754 
15 54 686 
15 55 395 
15 56 791 
15 57 849 
15 58 663 
15 59 235 
15 60 303 
15 61 383 
15 62 481 
15 63 955 
15 64 917 
15 65 528 
15 66 969 
15 67 953 
15 68 750 
15 69 640 
15 70 576 
15 71 894 
15 72 360 
15 73 347 
15 74 233 
15 75 265 
15 76 185 
15 77 130 
15 78 251 
15 79 176 
15 80 704 
15 81 918 
15 82 200 
15 83 696 
15 84 754 
15 85 678 
15 86 591 
15 87 860 
15 88 125 
15 89 894 
15 90 874 
15 91 809 
15 92 973 
15 93 367 
15 94 516 
15 95 296 
15 96 744 
15 97 158 
15 98 247 
15 99 606 
15 100 678 
16 17 248 
16 18 456 
16 19 815 
16 20 166 
16 21 908 
16 22 701 
16 23 940 
16 24 172 
16 25 276 
16 26 387 
16 27 795 
16 28 995 
16 29 311 
16 30 781 
16 31 400 
16 32 949 
16 33 498 
16 34 318 
16 35 449 
16 36 892 
16 37 618 
16 38 281 
16 39 692 
16 40 534 
16 41 927 
16 42 584 
16 43 881 
16 44 135 
16 45 188 
16 46 982 
16 47 348 
16 48 625 
16 49 533 
16 50 770 
16 51 710 
16 52 474 
16 53 186 
16 54 309 
16 55 406 
16 56 948 
16 57 492 
16 58 387 
16 59 123 
16 60 289 
16 61 919 
16 62 786 
16 63 694 
16 64 821 
16 65 967 
16 66 212 
16 67 636 
16 68 304 
16 69 673 
16 70 190 
16 71 795 
16 72 758 
16 73 219 
16 74 179 
16 75 466 
16 76 180 
16 77 197 
16 78 911 
16 79 760 
16 80 533 
16 81 913 
16 82 143 
16 83 746 
16 84 894 
16 85 548 
16 86 732 
16 87 756 
16 88 600 
16 89 790 
16 90 60 
16 91 823 
16 92 474 
16 93 582 
16 94 520 
16 95 141 
16 96 954 
16 97 144 
16 98 895 
16 99 336 
16 100 521 
17 18 131 
17 19 290 
17 20 702 
17 21 832 
17 22 656 
17 23 116 
17 24 220 
17 25 745 
17 26 787 
17 27 931 
17 28 531 
17 29 256 
17 30 570 
17 31 885 
17 32 729 
17 33 498 
17 34 340 
17 35 436 
17 36 819 
17 37 944 
17 38 114 
17 39 698 
17 40 695 
17 41 983 
17 42 904 
17 43 486 
17 44 399 
17 45 815 
17 46 374 
17 47 546 
17 48 241 
17 49 965 
17 50 552 
17 51 357 
17 52 872 
17 53 373 
17 54 520 
17 55 629 
17 56 296 
17 57 803 
17 58 270 
17 59 670 
17 60 831 
17 61 341 
17 62 409 
17 63 994 
17 64 361 
17 65 411 
17 66 986 
17 67 514 
17 68 560 
17 69 831 
17 70 303 
17 71 304 
17 72 830 
17 73 846 
17 74 313 
17 75 289 
17 76 449 
17 77 985 
17 78 289 
17 79 828 
17 80 410 
17 81 781 
17 82 725 
17 83 748 
17 84 331 
17 85 137 
17 86 468 
17 87 712 
17 88 370 
17 89 995 
17 90 938 
17 91 237 
17 92 786 
17 93 436 
17 94 115 
17 95 812 
17 96 964 
17 97 663 
17 98 425 
17 99 756 
17 100 358 
18 19 702 
18 20 831 
18 21 830 
18 22 162 
18 23 364 
18 24 402 
18 25 488 
18 26 726 
18 27 485 
18 28 349 
18 29 302 
18 30 651 
18 31 784 
18 32 237 
18 33 323 
18 34 414 
18 35 863 
18 36 200 
18 37 453 
18 38 775 
18 39 846 
18 40 112 
18 41 656 
18 42 266 
18 43 544 
18 44 870 
18 45 637 
18 46 953 
18 47 358 
18 48 889 
18 49 851 
18 50 784 
18 51 697 
18 52 301 
18 53 338 
18 54 668 
18 55 226 
18 56 529 
18 57 630 
18 58 215 
18 59 464 
18 60 681 
18 61 840 
18 62 656 
18 63 390 
18 64 645 
18 65 813 
18 66 281 
18 67 313 
18 68 456 
18 69 663 
18 70 355 
18 71 666 
18 72 396 
18 73 158 
18 74 286 
18 75 527 
18 76 529 
18 77 845 
18 78 731 
18 79 841 
18 80 268 
18 81 847 
18 82 719 
18 83 812 
18 84 215 
18 85 284 
18 86 811 
18 87 850 
18 88 401 
18 89 863 
18 90 823 
18 91 546 
18 92 427 
18 93 756 
18 94 163 
18 95 125 
18 96 543 
18 97 263 
18 98 799 
18 99 554 
18 100 830 
19 20 452 
19 21 269 
19 22 742 
19 23 785 
19 24 245 
19 25 246 
19 26 827 
19 27 736 
19 28 921 
19 29 265 
19 30 605 
19 31 526 
19 32 348 
19 33 668 
19 34 412 
19 35 362 
19 36 426 
19 37 560 
19 38 531 
19 39 157 
19 40 973 
19 41 417 
19 42 780 
19 43 335 
19 44 220 
19 45 177 
19 46 572 
19 47 330 
19 48 155 
19 49 738 
19 50 679 
19 51 742 
19 52 222 
19 53 995 
19 54 208 
19 55 947 
19 56 843 
19 57 364 
19 58 854 
19 59 291 
19 60 426 
19 61 378 
19 62 870 
19 63 499 
19 64 207 
19 65 498 
19 66 986 
19 67 198 
19 68 354 
19 69 578 
19 70 614 
19 71 533 
19 72 133 
19 73 272 
19 74 827 
19 75 331 
19 76 126 
19 77 531 
19 78 756 
19 79 837 
19 80 391 
19 81 493 
19 82 364 
19 83 408 
19 84 373 
19 85 792 
19 86 922 
19 87 336 
19 88 133 
19 89 867 
19 90 604 
19 91 570 
19 92 213 
19 93 242 
19 94 971 
19 95 669 
19 96 992 
19 97 810 
19 98 559 
19 99 458 
19 100 468 
20 21 768 
20 22 400 
20 23 833 
20 24 711 
20 25 293 
20 26 287 
20 27 895 
20 28 721 
20 29 384 
20 30 649 
20 31 579 
20 32 749 
20 33 144 
20 34 920 
20 35 759 
20 36 170 
20 37 396 
20 38 1000 
20 39 455 
20 40 623 
20 41 450 
20 42 491 
20 43 833 
20 44 813 
20 45 778 
20 46 951 
20 47 494 
20 48 640 
20 49 111 
20 50 737 
20 51 894 
20 52 436 
20 53 271 
20 54 461 
20 55 796 
20 56 905 
20 57 960 
20 58 554 
20 59 795 
20 60 874 
20 61 879 
20 62 766 
20 63 849 
20 64 722 
20 65 184 
20 66 361 
20 67 855 
20 68 653 
20 69 268 
20 70 235 
20 71 896 
20 72 247 
20 73 650 
20 74 384 
20 75 246 
20 76 645 
20 77 850 
20 78 585 
20 79 188 
20 80 684 
20 81 150 
20 82 307 
20 83 193 
20 84 892 
20 85 461 
20 86 861 
20 87 755 
20 88 165 
20 89 496 
20 90 938 
20 91 971 
20 92 744 
20 93 380 
20 94 630 
20 95 619 
20 96 890 
20 97 626 
20 98 598 
20 99 469 
20 100 436 
21 22 915 
21 23 257 
21 24 710 
21 25 700 
21 26 986 
21 27 814 
21 28 633 
21 29 718 
21 30 824 
21 31 923 
21 32 883 
21 33 753 
21 34 257 
21 35 830 
21 36 835 
21 37 933 
21 38 981 
21 39 831 
21 40 502 
21 41 650 
21 42 528 
21 43 606 
21 44 975 
21 45 165 
21 46 453 
21 47 145 
21 48 510 
21 49 257 
21 50 278 
21 51 976 
21 52 170 
21 53 474 
21 54 385 
21 55 408 
21 56 675 
21 57 719 
21 58 420 
21 59 148 
21 60 164 
21 61 987 
21 62 149 
21 63 723 
21 64 582 
21 65 355 
21 66 499 
21 67 806 
21 68 752 
21 69 382 
21 70 792 
21 71 552 
21 72 830 
21 73 509 
21 74 589 
21 75 198 
21 76 264 
21 77 991 
21 78 121 
21 79 162 
21 80 684 
21 81 936 
21 82 465 
21 83 125 
21 84 356 
21 85 184 
21 86 497 
21 87 249 
21 88 302 
21 89 132 
21 90 673 
21 91 572 
21 92 798 
21 93 351 
21 94 500 
21 95 422 
21 96 879 
21 97 248 
21 98 625 
21 99 616 
21 100 538 
22 23 190 
22 24 847 
22 25 424 
22 26 537 
22 27 196 
22 28 298 
22 29 938 
22 30 228 
22 31 301 
22 32 318 
22 33 864 
22 34 603 
22 35 792 
22 36 981 
22 37 822 
22 38 437 
22 39 272 
22 40 851 
22 41 291 
22 42 589 
22 43 423 
22 44 640 
22 45 568 
22 46 925 
22 47 134 
22 48 935 
22 49 675 
22 50 723 
22 51 740 
22 52 798 
22 53 658 
22 54 689 
22 55 255 
22 56 931 
22 57 500 
22 58 147 
22 59 445 
22 60 173 
22 61 346 
22 62 946 
22 63 751 
22 64 651 
22 65 873 
22 66 161 
22 67 233 
22 68 575 
22 69 600 
22 70 380 
22 71 232 
22 72 124 
22 73 374 
22 74 454 
22 75 444 
22 76 520 
22 77 253 
22 78 293 
22 79 930 
22 80 882 
22 81 741 
22 82 385 
22 83 400 
22 84 701 
22 85 861 
22 86 478 
22 87 553 
22 88 475 
22 89 569 
22 90 374 
22 91 572 
22 92 255 
22 93 813 
22 94 543 
22 95 387 
22 96 611 
22 97 810 
22 98 170 
22 99 599 
22 100 351 
23 24 331 
23 25 382 
23 26 119 
23 27 844 
23 28 881 
23 29 627 
23 30 379 
23 31 356 
23 32 896 
23 33 422 
23 34 580 
23 35 706 
23 36 988 
23 37 328 
23 38 829 
23 39 917 
23 40 123 
23 41 135 
23 42 573 
23 43 412 
23 44 801 
23 45 342 
23 46 822 
23 47 430 
23 48 299 
23 49 937 
23 50 890 
23 51 387 
23 52 467 
23 53 580 
23 54 595 
23 55 774 
23 56 656 
23 57 867 
23 58 633 
23 59 734 
23 60 879 
23 61 648 
23 62 371 
23 63 281 
23 64 384 
23 65 954 
23 66 318 
23 67 497 
23 68 789 
23 69 557 
23 70 346 
23 71 335 
23 72 915 
23 73 445 
23 74 366 
23 75 997 
23 76 857 
23 77 173 
23 78 990 
23 79 833 
23 80 910 
23 81 712 
23 82 218 
23 83 780 
23 84 903 
23 85 721 
23 86 583 
23 87 373 
23 88 622 
23 89 146 
23 90 126 
23 91 961 
23 92 140 
23 93 979 
23 94 517 
23 95 758 
23 96 751 
23 97 471 
23 98 894 
23 99 880 
23 100 792 
24 25 374 
24 26 465 
24 27 523 
24 28 310 
24 29 640 
24 30 547 
24 31 913 
24 32 296 
24 33 341 
24 34 344 
24 35 556 
24 36 720 
24 37 465 
24 38 858 
24 39 699 
24 40 733 
24 41 437 
24 42 801 
24 43 923 
24 44 745 
24 45 157 
24 46 589 
24 47 800 
24 48 273 
24 49 892 
24 50 387 
24 51 236 
24 52 727 
24 53 693 
24 54 625 
24 55 584 
24 56 970 
24 57 244 
24 58 473 
24 59 792 
24 60 492 
24 61 913 
24 62 922 
24 63 348 
24 64 676 
24 65 133 
24 66 536 
24 67 560 
24 68 494 
24 69 619 
24 70 518 
24 71 475 
24 72 405 
24 73 731 
24 74 797 
24 75 887 
24 76 510 
24 77 398 
24 78 528 
24 79 220 
24 80 116 
24 81 580 
24 82 641 
24 83 892 
24 84 276 
24 85 257 
24 86 173 
24 87 168 
24 88 632 
24 89 255 
24 90 582 
24 91 863 
24 92 752 
24 93 230 
24 94 969 
24 95 187 
24 96 539 
24 97 485 
24 98 910 
24 99 518 
24 100 689 
25 26 286 
25 27 144 
25 28 326 
25 29 428 
25 30 695 
25 31 886 
25 32 518 
25 33 713 
25 34 355 
25 35 555 
25 36 372 
25 37 988 
25 38 829 
25 39 601 
25 40 704 
25 41 189 
25 42 617 
25 43 440 
25 44 237 
25 45 920 
25 46 604 
25 47 318 
25 48 143 
25 49 721 
25 50 619 
25 51 728 
25 52 551 
25 53 830 
25 54 415 
25 55 362 
25 56 597 
25 57 406 
25 58 673 
25 59 919 
25 60 357 
25 61 964 
25 62 498 
25 63 367 
25 64 155 
25 65 225 
25 66 714 
25 67 871 
25 68 997 
25 69 388 
25 70 673 
25 71 680 
25 72 329 
25 73 709 
25 74 708 
25 75 385 
25 76 880 
25 77 529 
25 78 947 
25 79 860 
25 80 391 
25 81 616 
25 82 615 
25 83 483 
25 84 803 
25 85 370 
25 86 429 
25 87 497 
25 88 242 
25 89 381 
25 90 788 
25 91 141 
25 92 153 
25 93 290 
25 94 741 
25 95 358 
25 96 308 
25 97 283 
25 98 531 
25 99 948 
25 100 267 
26 27 642 
26 28 630 
26 29 437 
26 30 348 
26 31 879 
26 32 258 
26 33 985 
26 34 856 
26 35 477 
26 36 485 
26 37 594 
26 38 544 
26 39 913 
26 40 928 
26 41 188 
26 42 594 
26 43 706 
26 44 167 
26 45 286 
26 46 201 
26 47 640 
26 48 193 
26 49 689 
26 50 239 
26 51 627 
26 52 276 
26 53 963 
26 54 848 
26 55 199 
26 56 547 
26 57 337 
26 58 691 
26 59 901 
26 60 194 
26 61 926 
26 62 624 
26 63 736 
26 64 442 
26 65 788 
26 66 511 
26 67 301 
26 68 225 
26 69 614 
26 70 353 
26 71 326 
26 72 877 
26 73 769 
26 74 677 
26 75 775 
26 76 191 
26 77 681 
26 78 907 
26 79 254 
26 80 622 
26 81 663 
26 82 862 
26 83 692 
26 84 487 
26 85 868 
26 86 276 
26 87 920 
26 88 280 
26 89 606 
26 90 536 
26 91 372 
26 92 667 
26 93 731 
26 94 378 
26 95 654 
26 96 722 
26 97 120 
26 98 806 
26 99 732 
26 100 153 
27 28 272 
27 29 793 
27 30 984 
27 31 740 
27 32 316 
27 33 233 
27 34 947 
27 35 601 
27 36 568 
27 37 534 
27 38 984 
27 39 479 
27 40 187 
27 41 297 
27 42 477 
27 43 685 
27 44 982 
27 45 339 
27 46 824 
27 47 203 
27 48 817 
27 49 789 
27 50 831 
27 51 385 
27 52 982 
27 53 621 
27 54 703 
27 55 223 
27 56 841 
27 57 969 
27 58 858 
27 59 684 
27 60 415 
27 61 417 
27 62 990 
27 63 620 
27 64 151 
27 65 434 
27 66 436 
27 67 476 
27 68 490 
27 69 660 
27 70 319 
27 71 178 
27 72 998 
27 73 829 
27 74 918 
27 75 209 
27 76 470 
27 77 848 
27 78 568 
27 79 453 
27 80 673 
27 81 541 
27 82 144 
27 83 219 
27 84 178 
27 85 346 
27 86 325 
27 87 973 
27 88 522 
27 89 274 
27 90 634 
27 91 968 
27 92 470 
27 93 537 
27 94 972 
27 95 64 
27 96 529 
27 97 787 
27 98 559 
27 99 779 
27 100 865 
28 29 297 
28 30 286 
28 31 137 
28 32 525 
28 33 462 
28 34 666 
28 35 341 
28 36 931 
28 37 315 
28 38 976 
28 39 913 
28 40 348 
28 41 604 
28 42 309 
28 43 849 
28 44 909 
28 45 251 
28 46 821 
28 47 756 
28 48 615 
28 49 369 
28 50 314 
28 51 803 
28 52 263 
28 53 307 
28 54 290 
28 55 199 
28 56 867 
28 57 469 
28 58 823 
28 59 175 
28 60 576 
28 61 609 
28 62 357 
28 63 712 
28 64 937 
28 65 959 
28 66 573 
28 67 288 
28 68 708 
28 69 814 
28 70 792 
28 71 691 
28 72 646 
28 73 714 
28 74 332 
28 75 204 
28 76 550 
28 77 505 
28 78 733 
28 79 259 
28 80 907 
28 81 376 
28 82 458 
28 83 709 
28 84 848 
28 85 158 
28 86 517 
28 87 954 
28 88 812 
28 89 836 
28 90 601 
28 91 116 
28 92 390 
28 93 301 
28 94 455 
28 95 234 
28 96 174 
28 97 821 
28 98 8 
28 99 634 
28 100 413 
29 30 580 
29 31 758 
29 32 616 
29 33 535 
29 34 397 
29 35 458 
29 36 898 
29 37 133 
29 38 501 
29 39 117 
29 40 231 
29 41 349 
29 42 276 
29 43 774 
29 44 452 
29 45 481 
29 46 663 
29 47 860 
29 48 127 
29 49 115 
29 50 496 
29 51 208 
29 52 528 
29 53 291 
29 54 305 
29 55 795 
29 56 248 
29 57 149 
29 58 783 
29 59 887 
29 60 251 
29 61 593 
29 62 643 
29 63 518 
29 64 291 
29 65 284 
29 66 819 
29 67 418 
29 68 726 
29 69 840 
29 70 938 
29 71 974 
29 72 768 
29 73 944 
29 74 376 
29 75 579 
29 76 816 
29 77 632 
29 78 990 
29 79 777 
29 80 219 
29 81 969 
29 82 284 
29 83 867 
29 84 237 
29 85 287 
29 86 995 
29 87 154 
29 88 463 
29 89 865 
29 90 201 
29 91 858 
29 92 173 
29 93 195 
29 94 617 
29 95 745 
29 96 395 
29 97 284 
29 98 693 
29 99 854 
29 100 523 
30 31 10 
30 32 7 
30 33 10 
30 34 5 
30 35 12 
30 36 62 
30 37 22 
30 38 37 
30 39 99 
30 40 17 
30 41 92 
30 42 34 
30 43 78 
30 44 62 
30 45 243 
30 46 605 
30 47 710 
30 48 243 
30 49 841 
30 50 821 
30 51 990 
30 52 499 
30 53 114 
30 54 553 
30 55 499 
30 56 687 
30 57 997 
30 58 204 
30 59 158 
30 60 135 
30 61 314 
30 62 734 
30 63 278 
30 64 136 
30 65 545 
30 66 143 
30 67 434 
30 68 221 
30 69 426 
30 70 816 
30 71 508 
30 72 460 
30 73 650 
30 74 405 
30 75 807 
30 76 156 
30 77 926 
30 78 138 
30 79 965 
30 80 205 
30 81 399 
30 82 327 
30 83 773 
30 84 279 
30 85 607 
30 86 932 
30 87 247 
30 88 220 
30 89 205 
30 90 515 
30 91 276 
30 92 274 
30 93 721 
30 94 170 
30 95 359 
30 96 416 
30 97 766 
30 98 288 
30 99 769 
30 100 673 
31 32 204 
31 33 934 
31 34 857 
31 35 111 
31 36 389 
31 37 813 
31 38 612 
31 39 994 
31 40 921 
31 41 521 
31 42 178 
31 43 429 
31 44 798 
31 45 182 
31 46 476 
31 47 417 
31 48 774 
31 49 906 
31 50 685 
31 51 588 
31 52 234 
31 53 813 
31 54 582 
31 55 593 
31 56 541 
31 57 464 
31 58 432 
31 59 273 
31 60 293 
31 61 138 
31 62 992 
31 63 963 
31 64 851 
31 65 450 
31 66 452 
31 67 431 
31 68 947 
31 69 255 
31 70 841 
31 71 330 
31 72 910 
31 73 827 
31 74 791 
31 75 942 
31 76 893 
31 77 451 
31 78 398 
31 79 572 
31 80 794 
31 81 575 
31 82 735 
31 83 898 
31 84 479 
31 85 927 
31 86 356 
31 87 916 
31 88 968 
31 89 218 
31 90 329 
31 91 787 
31 92 982 
31 93 318 
31 94 551 
31 95 168 
31 96 834 
31 97 572 
31 98 419 
31 99 898 
31 100 393 
32 33 373 
32 34 692 
32 35 277 
32 36 819 
32 37 398 
32 38 430 
32 39 887 
32 40 526 
32 41 701 
32 42 999 
32 43 211 
32 44 498 
32 45 230 
32 46 410 
32 47 346 
32 48 190 
32 49 511 
32 50 492 
32 51 386 
32 52 908 
32 53 729 
32 54 324 
32 55 623 
32 56 418 
32 57 793 
32 58 594 
32 59 326 
32 60 460 
32 61 511 
32 62 385 
32 63 914 
32 64 373 
32 65 855 
32 66 813 
32 67 570 
32 68 555 
32 69 708 
32 70 399 
32 71 224 
32 72 446 
32 73 240 
32 74 876 
32 75 465 
32 76 343 
32 77 753 
32 78 486 
32 79 483 
32 80 981 
32 81 581 
32 82 504 
32 83 137 
32 84 942 
32 85 814 
32 86 892 
32 87 956 
32 88 575 
32 89 137 
32 90 888 
32 91 612 
32 92 658 
32 93 314 
32 94 175 
32 95 454 
32 96 688 
32 97 567 
32 98 478 
32 99 748 
32 100 243 
33 34 266 
33 35 181 
33 36 864 
33 37 208 
33 38 147 
33 39 239 
33 40 897 
33 41 925 
33 42 387 
33 43 567 
33 44 924 
33 45 923 
33 46 522 
33 47 150 
33 48 462 
33 49 983 
33 50 453 
33 51 601 
33 52 384 
33 53 366 
33 54 555 
33 55 147 
33 56 976 
33 57 719 
33 58 383 
33 59 543 
33 60 554 
33 61 755 
33 62 547 
33 63 979 
33 64 237 
33 65 634 
33 66 114 
33 67 265 
33 68 516 
33 69 274 
33 70 840 
33 71 432 
33 72 792 
33 73 308 
33 74 476 
33 75 616 
33 76 970 
33 77 857 
33 78 680 
33 79 800 
33 80 648 
33 81 596 
33 82 540 
33 83 731 
33 84 181 
33 85 588 
33 86 355 
33 87 723 
33 88 362 
33 89 395 
33 90 820 
33 91 501 
33 92 559 
33 93 978 
33 94 121 
33 95 772 
33 96 858 
33 97 190 
33 98 1000 
33 99 451 
33 100 297 
34 35 313 
34 36 297 
34 37 852 
34 38 698 
34 39 821 
34 40 936 
34 41 312 
34 42 170 
34 43 184 
34 44 414 
34 45 346 
34 46 193 
34 47 134 
34 48 383 
34 49 493 
34 50 414 
34 51 271 
34 52 745 
34 53 517 
34 54 761 
34 55 548 
34 56 869 
34 57 393 
34 58 225 
34 59 888 
34 60 383 
34 61 337 
34 62 676 
34 63 587 
34 64 304 
34 65 901 
34 66 116 
34 67 176 
34 68 852 
34 69 813 
34 70 322 
34 71 565 
34 72 173 
34 73 987 
34 74 428 
34 75 186 
34 76 852 
34 77 964 
34 78 586 
34 79 897 
34 80 608 
34 81 190 
34 82 673 
34 83 812 
34 84 655 
34 85 741 
34 86 484 
34 87 803 
34 88 202 
34 89 926 
34 90 932 
34 91 441 
34 92 390 
34 93 552 
34 94 152 
34 95 564 
34 96 123 
34 97 439 
34 98 700 
34 99 297 
34 100 539 
35 36 355 
35 37 308 
35 38 368 
35 39 180 
35 40 941 
35 41 987 
35 42 702 
35 43 519 
35 44 618 
35 45 693 
35 46 441 
35 47 658 
35 48 322 
35 49 799 
35 50 631 
35 51 135 
35 52 991 
35 53 889 
35 54 683 
35 55 464 
35 56 901 
35 57 351 
35 58 496 
35 59 484 
35 60 759 
35 61 683 
35 62 296 
35 63 237 
35 64 436 
35 65 598 
35 66 804 
35 67 858 
35 68 973 
35 69 618 
35 70 387 
35 71 149 
35 72 369 
35 73 287 
35 74 785 
35 75 843 
35 76 347 
35 77 883 
35 78 343 
35 79 166 
35 80 783 
35 81 801 
35 82 511 
35 83 354 
35 84 938 
35 85 224 
35 86 982 
35 87 334 
35 88 938 
35 89 847 
35 90 722 
35 91 829 
35 92 295 
35 93 318 
35 94 581 
35 95 130 
35 96 842 
35 97 956 
35 98 466 
35 99 706 
35 100 677 
36 37 215 
36 38 111 
36 39 187 
36 40 881 
36 41 901 
36 42 391 
36 43 970 
36 44 702 
36 45 280 
36 46 946 
36 47 246 
36 48 207 
36 49 778 
36 50 365 
36 51 206 
36 52 657 
36 53 830 
36 54 771 
36 55 134 
36 56 481 
36 57 914 
36 58 153 
36 59 447 
36 60 357 
36 61 874 
36 62 252 
36 63 769 
36 64 435 
36 65 259 
36 66 742 
36 67 751 
36 68 877 
36 69 774 
36 70 866 
36 71 833 
36 72 241 
36 73 961 
36 74 953 
36 75 280 
36 76 288 
36 77 565 
36 78 304 
36 79 263 
36 80 344 
36 81 673 
36 82 365 
36 83 592 
36 84 784 
36 85 647 
36 86 234 
36 87 783 
36 88 226 
36 89 508 
36 90 838 
36 91 852 
36 92 761 
36 93 333 
36 94 710 
36 95 482 
36 96 698 
36 97 639 
36 98 113 
36 99 674 
36 100 388 
37 38 787 
37 39 961 
37 40 149 
37 41 701 
37 42 630 
37 43 927 
37 44 321 
37 45 135 
37 46 795 
37 47 492 
37 48 741 
37 49 634 
37 50 277 
37 51 862 
37 52 297 
37 53 581 
37 54 900 
37 55 660 
37 56 881 
37 57 583 
37 58 886 
37 59 634 
37 60 959 
37 61 111 
37 62 610 
37 63 905 
37 64 129 
37 65 484 
37 66 836 
37 67 478 
37 68 548 
37 69 533 
37 70 410 
37 71 221 
37 72 347 
37 73 992 
37 74 481 
37 75 566 
37 76 528 
37 77 705 
37 78 401 
37 79 167 
37 80 210 
37 81 229 
37 82 195 
37 83 689 
37 84 685 
37 85 437 
37 86 676 
37 87 894 
37 88 916 
37 89 949 
37 90 320 
37 91 655 
37 92 237 
37 93 970 
37 94 269 
37 95 168 
37 96 116 
37 97 137 
37 98 573 
37 99 759 
37 100 679 
38 39 202 
38 40 574 
38 41 794 
38 42 677 
38 43 608 
38 44 934 
38 45 386 
38 46 807 
38 47 597 
38 48 154 
38 49 955 
38 50 706 
38 51 993 
38 52 313 
38 53 476 
38 54 272 
38 55 416 
38 56 730 
38 57 724 
38 58 1000 
38 59 191 
38 60 489 
38 61 410 
38 62 890 
38 63 802 
38 64 832 
38 65 398 
38 66 307 
38 67 367 
38 68 303 
38 69 138 
38 70 143 
38 71 633 
38 72 237 
38 73 274 
38 74 413 
38 75 865 
38 76 314 
38 77 916 
38 78 325 
38 79 590 
38 80 632 
38 81 737 
38 82 167 
38 83 212 
38 84 768 
38 85 222 
38 86 154 
38 87 256 
38 88 973 
38 89 485 
38 90 462 
38 91 127 
38 92 650 
38 93 402 
38 94 905 
38 95 305 
38 96 396 
38 97 477 
38 98 273 
38 99 705 
38 100 896 
39 40 646 
39 41 757 
39 42 630 
39 43 428 
39 44 520 
39 45 640 
39 46 120 
39 47 755 
39 48 443 
39 49 984 
39 50 409 
39 51 924 
39 52 852 
39 53 522 
39 54 716 
39 55 651 
39 56 270 
39 57 197 
39 58 825 
39 59 476 
39 60 244 
39 61 604 
39 62 591 
39 63 798 
39 64 419 
39 65 764 
39 66 579 
39 67 902 
39 68 962 
39 69 745 
39 70 721 
39 71 558 
39 72 612 
39 73 280 
39 74 455 
39 75 928 
39 76 295 
39 77 205 
39 78 816 
39 79 676 
39 80 827 
39 81 307 
39 82 750 
39 83 813 
39 84 350 
39 85 333 
39 86 596 
39 87 519 
39 88 332 
39 89 824 
39 90 400 
39 91 298 
39 92 452 
39 93 245 
39 94 808 
39 95 448 
39 96 674 
39 97 127 
39 98 619 
39 99 946 
39 100 124 
40 41 457 
40 42 751 
40 43 980 
40 44 404 
40 45 420 
40 46 608 
40 47 516 
40 48 684 
40 49 650 
40 50 495 
40 51 123 
40 52 793 
40 53 820 
40 54 525 
40 55 698 
40 56 280 
40 57 371 
40 58 815 
40 59 125 
40 60 542 
40 61 259 
40 62 248 
40 63 657 
40 64 323 
40 65 820 
40 66 200 
40 67 580 
40 68 183 
40 69 502 
40 70 386 
40 71 384 
40 72 741 
40 73 196 
40 74 441 
40 75 464 
40 76 973 
40 77 286 
40 78 371 
40 79 687 
40 80 324 
40 81 554 
40 82 139 
40 83 849 
40 84 538 
40 85 991 
40 86 178 
40 87 297 
40 88 862 
40 89 707 
40 90 267 
40 91 122 
40 92 485 
40 93 437 
40 94 36 
40 95 501 
40 96 930 
40 97 423 
40 98 721 
40 99 739 
40 100 807 
41 42 649 
41 43 553 
41 44 568 
41 45 737 
41 46 471 
41 47 614 
41 48 932 
41 49 961 
41 50 944 
41 51 268 
41 52 321 
41 53 478 
41 54 579 
41 55 627 
41 56 199 
41 57 325 
41 58 441 
41 59 246 
41 60 155 
41 61 426 
41 62 589 
41 63 229 
41 64 720 
41 65 845 
41 66 736 
41 67 364 
41 68 237 
41 69 540 
41 70 971 
41 71 873 
41 72 144 
41 73 425 
41 74 477 
41 75 792 
41 76 313 
41 77 743 
41 78 751 
41 79 287 
41 80 892 
41 81 140 
41 82 819 
41 83 420 
41 84 709 
41 85 752 
41 86 363 
41 87 635 
41 88 113 
41 89 886 
41 90 978 
41 91 5 
41 92 182 
41 93 572 
41 94 739 
41 95 446 
41 96 923 
41 97 417 
41 98 372 
41 99 996 
41 100 817 
42 43 554 
42 44 902 
42 45 628 
42 46 691 
42 47 461 
42 48 355 
42 49 921 
42 50 180 
42 51 223 
42 52 565 
42 53 732 
42 54 975 
42 55 487 
42 56 938 
42 57 227 
42 58 864 
42 59 972 
42 60 641 
42 61 589 
42 62 130 
42 63 651 
42 64 827 
42 65 863 
42 66 849 
42 67 413 
42 68 532 
42 69 985 
42 70 843 
42 71 876 
42 72 754 
42 73 662 
42 74 536 
42 75 445 
42 76 807 
42 77 944 
42 78 672 
42 79 780 
42 80 151 
42 81 986 
42 82 177 
42 83 979 
42 84 979 
42 85 187 
42 86 824 
42 87 243 
42 88 230 
42 89 839 
42 90 334 
42 91 384 
42 92 378 
42 93 612 
42 94 552 
42 95 276 
42 96 798 
42 97 283 
42 98 178 
42 99 33 
42 100 599 
43 44 442 
43 45 797 
43 46 979 
43 47 983 
43 48 165 
43 49 766 
43 50 757 
43 51 920 
43 52 714 
43 53 694 
43 54 289 
43 55 392 
43 56 508 
43 57 992 
43 58 204 
43 59 750 
43 60 299 
43 61 650 
43 62 274 
43 63 964 
43 64 321 
43 65 945 
43 66 302 
43 67 968 
43 68 971 
43 69 896 
43 70 132 
43 71 156 
43 72 244 
43 73 335 
43 74 780 
43 75 513 
43 76 913 
43 77 876 
43 78 410 
43 79 714 
43 80 346 
43 81 982 
43 82 113 
43 83 159 
43 84 400 
43 85 979 
43 86 496 
43 87 404 
43 88 347 
43 89 382 
43 90 560 
43 91 130 
43 92 289 
43 93 390 
43 94 924 
43 95 583 
43 96 852 
43 97 470 
43 98 286 
43 99 292 
43 100 804 
44 45 182 
44 46 934 
44 47 449 
44 48 963 
44 49 433 
44 50 725 
44 51 665 
44 52 172 
44 53 251 
44 54 913 
44 55 488 
44 56 295 
44 57 111 
44 58 302 
44 59 867 
44 60 905 
44 61 287 
44 62 660 
44 63 910 
44 64 783 
44 65 241 
44 66 401 
44 67 439 
44 68 575 
44 69 168 
44 70 116 
44 71 873 
44 72 987 
44 73 168 
44 74 762 
44 75 294 
44 76 580 
44 77 265 
44 78 921 
44 79 134 
44 80 551 
44 81 332 
44 82 737 
44 83 353 
44 84 215 
44 85 519 
44 86 730 
44 87 194 
44 88 799 
44 89 938 
44 90 579 
44 91 246 
44 92 162 
44 93 723 
44 94 417 
44 95 990 
44 96 833 
44 97 291 
44 98 485 
44 99 729 
44 100 506 
45 46 74 
45 47 7 
45 48 11 
45 49 12 
45 50 78 
45 51 93 
45 52 39 
45 53 73 
45 54 37 
45 55 72 
45 56 19 
45 57 25 
45 58 232 
45 59 961 
45 60 245 
45 61 141 
45 62 402 
45 63 655 
45 64 965 
45 65 396 
45 66 165 
45 67 269 
45 68 333 
45 69 177 
45 70 615 
45 71 560 
45 72 164 
45 73 738 
45 74 664 
45 75 156 
45 76 488 
45 77 385 
45 78 439 
45 79 592 
45 80 917 
45 81 197 
45 82 326 
45 83 483 
45 84 814 
45 85 817 
45 86 113 
45 87 914 
45 88 617 
45 89 371 
45 90 243 
45 91 692 
45 92 709 
45 93 406 
45 94 749 
45 95 337 
45 96 919 
45 97 160 
45 98 497 
45 99 961 
45 100 993 
46 47 526 
46 48 750 
46 49 488 
46 50 198 
46 51 276 
46 52 213 
46 53 565 
46 54 850 
46 55 987 
46 56 543 
46 57 380 
46 58 723 
46 59 250 
46 60 914 
46 61 550 
46 62 428 
46 63 578 
46 64 598 
46 65 964 
46 66 523 
46 67 829 
46 68 891 
46 69 375 
46 70 429 
46 71 562 
46 72 961 
46 73 972 
46 74 952 
46 75 554 
46 76 561 
46 77 237 
46 78 316 
46 79 759 
46 80 868 
46 81 886 
46 82 957 
46 83 238 
46 84 371 
46 85 689 
46 86 232 
46 87 502 
46 88 447 
46 89 215 
46 90 903 
46 91 342 
46 92 802 
46 93 176 
46 94 483 
46 95 855 
46 96 878 
46 97 468 
46 98 303 
46 99 646 
46 100 819 
47 48 210 
47 49 602 
47 50 292 
47 51 325 
47 52 156 
47 53 320 
47 54 203 
47 55 358 
47 56 539 
47 57 996 
47 58 929 
47 59 392 
47 60 165 
47 61 838 
47 62 468 
47 63 944 
47 64 420 
47 65 133 
47 66 474 
47 67 983 
47 68 433 
47 69 997 
47 70 132 
47 71 308 
47 72 969 
47 73 210 
47 74 131 
47 75 502 
47 76 540 
47 77 292 
47 78 417 
47 79 672 
47 80 266 
47 81 195 
47 82 413 
47 83 491 
47 84 727 
47 85 624 
47 86 209 
47 87 519 
47 88 780 
47 89 260 
47 90 616 
47 91 218 
47 92 765 
47 93 255 
47 94 694 
47 95 905 
47 96 730 
47 97 712 
47 98 270 
47 99 493 
47 100 147 
48 49 783 
48 50 788 
48 51 693 
48 52 763 
48 53 497 
48 54 697 
48 55 985 
48 56 421 
48 57 824 
48 58 945 
48 59 586 
48 60 640 
48 61 317 
48 62 379 
48 63 294 
48 64 417 
48 65 467 
48 66 347 
48 67 758 
48 68 629 
48 69 876 
48 70 862 
48 71 207 
48 72 991 
48 73 918 
48 74 853 
48 75 501 
48 76 514 
48 77 145 
48 78 802 
48 79 976 
48 80 804 
48 81 763 
48 82 126 
48 83 370 
48 84 332 
48 85 166 
48 86 242 
48 87 375 
48 88 955 
48 89 856 
48 90 413 
48 91 755 
48 92 968 
48 93 904 
48 94 378 
48 95 935 
48 96 178 
48 97 473 
48 98 762 
48 99 202 
48 100 184 
49 50 714 
49 51 288 
49 52 482 
49 53 671 
49 54 486 
49 55 931 
49 56 764 
49 57 640 
49 58 448 
49 59 483 
49 60 890 
49 61 760 
49 62 227 
49 63 459 
49 64 151 
49 65 154 
49 66 182 
49 67 587 
49 68 301 
49 69 387 
49 70 473 
49 71 448 
49 72 864 
49 73 917 
49 74 148 
49 75 443 
49 76 637 
49 77 305 
49 78 616 
49 79 759 
49 80 462 
49 81 626 
49 82 677 
49 83 194 
49 84 617 
49 85 753 
49 86 178 
49 87 963 
49 88 599 
49 89 463 
49 90 277 
49 91 482 
49 92 331 
49 93 466 
49 94 319 
49 95 589 
49 96 181 
49 97 896 
49 98 331 
49 99 407 
49 100 305 
50 51 913 
50 52 324 
50 53 542 
50 54 334 
50 55 909 
50 56 565 
50 57 534 
50 58 314 
50 59 594 
50 60 706 
50 61 579 
50 62 540 
50 63 331 
50 64 490 
50 65 351 
50 66 284 
50 67 959 
50 68 802 
50 69 302 
50 70 589 
50 71 418 
50 72 834 
50 73 926 
50 74 541 
50 75 682 
50 76 809 
50 77 581 
50 78 824 
50 79 262 
50 80 279 
50 81 891 
50 82 674 
50 83 508 
50 84 573 
50 85 640 
50 86 908 
50 87 504 
50 88 587 
50 89 782 
50 90 246 
50 91 909 
50 92 956 
50 93 513 
50 94 544 
50 95 777 
50 96 806 
50 97 374 
50 98 952 
50 99 513 
50 100 660 
51 52 697 
51 53 970 
51 54 647 
51 55 852 
51 56 896 
51 57 437 
51 58 539 
51 59 410 
51 60 223 
51 61 317 
51 62 430 
51 63 941 
51 64 809 
51 65 339 
51 66 212 
51 67 732 
51 68 330 
51 69 263 
51 70 422 
51 71 702 
51 72 839 
51 73 896 
51 74 779 
51 75 926 
51 76 898 
51 77 642 
51 78 962 
51 79 702 
51 80 292 
51 81 226 
51 82 486 
51 83 232 
51 84 141 
51 85 822 
51 86 426 
51 87 556 
51 88 614 
51 89 651 
51 90 851 
51 91 747 
51 92 239 
51 93 921 
51 94 616 
51 95 115 
51 96 558 
51 97 918 
51 98 564 
51 99 147 
51 100 703 
52 53 421 
52 54 845 
52 55 146 
52 56 605 
52 57 315 
52 58 688 
52 59 582 
52 60 502 
52 61 495 
52 62 478 
52 63 905 
52 64 868 
52 65 581 
52 66 564 
52 67 808 
52 68 641 
52 69 658 
52 70 519 
52 71 210 
52 72 877 
52 73 376 
52 74 885 
52 75 284 
52 76 112 
52 77 261 
52 78 788 
52 79 412 
52 80 945 
52 81 891 
52 82 392 
52 83 915 
52 84 391 
52 85 954 
52 86 769 
52 87 374 
52 88 154 
52 89 700 
52 90 786 
52 91 613 
52 92 812 
52 93 873 
52 94 563 
52 95 808 
52 96 122 
52 97 387 
52 98 660 
52 99 113 
52 100 690 
53 54 161 
53 55 662 
53 56 278 
53 57 222 
53 58 119 
53 59 622 
53 60 561 
53 61 661 
53 62 311 
53 63 783 
53 64 432 
53 65 521 
53 66 535 
53 67 857 
53 68 519 
53 69 179 
53 70 601 
53 71 674 
53 72 211 
53 73 212 
53 74 139 
53 75 403 
53 76 736 
53 77 854 
53 78 662 
53 79 703 
53 80 166 
53 81 129 
53 82 778 
53 83 351 
53 84 564 
53 85 368 
53 86 123 
53 87 460 
53 88 777 
53 89 756 
53 90 807 
53 91 842 
53 92 847 
53 93 574 
53 94 915 
53 95 304 
53 96 759 
53 97 675 
53 98 226 
53 99 521 
53 100 240 
54 55 412 
54 56 589 
54 57 340 
54 58 621 
54 59 380 
54 60 215 
54 61 310 
54 62 825 
54 63 994 
54 64 909 
54 65 815 
54 66 712 
54 67 947 
54 68 966 
54 69 337 
54 70 527 
54 71 936 
54 72 827 
54 73 597 
54 74 303 
54 75 384 
54 76 718 
54 77 206 
54 78 248 
54 79 931 
54 80 925 
54 81 859 
54 82 394 
54 83 782 
54 84 684 
54 85 276 
54 86 872 
54 87 918 
54 88 825 
54 89 706 
54 90 182 
54 91 591 
54 92 2 
54 93 913 
54 94 457 
54 95 674 
54 96 519 
54 97 375 
54 98 119 
54 99 900 
54 100 132 
55 56 910 
55 57 330 
55 58 878 
55 59 627 
55 60 350 
55 61 976 
55 62 730 
55 63 257 
55 64 490 
55 65 276 
55 66 294 
55 67 513 
55 68 305 
55 69 831 
55 70 561 
55 71 547 
55 72 215 
55 73 924 
55 74 942 
55 75 846 
55 76 873 
55 77 234 
55 78 663 
55 79 217 
55 80 859 
55 81 458 
55 82 476 
55 83 376 
55 84 386 
55 85 934 
55 86 436 
55 87 835 
55 88 990 
55 89 762 
55 90 464 
55 91 232 
55 92 629 
55 93 959 
55 94 407 
55 95 318 
55 96 619 
55 97 173 
55 98 168 
55 99 496 
55 100 853 
56 57 572 
56 58 904 
56 59 492 
56 60 706 
56 61 581 
56 62 590 
56 63 120 
56 64 675 
56 65 971 
56 66 716 
56 67 989 
56 68 477 
56 69 884 
56 70 423 
56 71 513 
56 72 708 
56 73 429 
56 74 844 
56 75 545 
56 76 148 
56 77 673 
56 78 963 
56 79 426 
56 80 182 
56 81 667 
56 82 554 
56 83 924 
56 84 973 
56 85 303 
56 86 746 
56 87 649 
56 88 626 
56 89 866 
56 90 944 
56 91 420 
56 92 176 
56 93 670 
56 94 766 
56 95 329 
56 96 637 
56 97 946 
56 98 973 
56 99 999 
56 100 450 
57 58 921 
57 59 623 
57 60 358 
57 61 760 
57 62 658 
57 63 531 
57 64 890 
57 65 660 
57 66 792 
57 67 733 
57 68 640 
57 69 737 
57 70 652 
57 71 164 
57 72 334 
57 73 868 
57 74 408 
57 75 640 
57 76 949 
57 77 973 
57 78 745 
57 79 237 
57 80 383 
57 81 467 
57 82 822 
57 83 635 
57 84 199 
57 85 255 
57 86 727 
57 87 891 
57 88 453 
57 89 591 
57 90 871 
57 91 130 
57 92 114 
57 93 425 
57 94 301 
57 95 934 
57 96 672 
57 97 693 
57 98 784 
57 99 153 
57 100 189 
58 59 30 
58 60 11 
58 61 33 
58 62 28 
58 63 73 
58 64 47 
58 65 57 
58 66 81 
58 67 17 
58 68 37 
58 69 99 
58 70 13 
58 71 62 
58 72 12 
58 73 93 
58 74 119 
58 75 604 
58 76 369 
58 77 214 
58 78 610 
58 79 626 
58 80 965 
58 81 937 
58 82 795 
58 83 159 
58 84 889 
58 85 116 
58 86 199 
58 87 247 
58 88 331 
58 89 527 
58 90 697 
58 91 906 
58 92 448 
58 93 535 
58 94 567 
58 95 866 
58 96 909 
58 97 195 
58 98 452 
58 99 253 
58 100 535 
59 60 398 
59 61 779 
59 62 217 
59 63 163 
59 64 946 
59 65 335 
59 66 240 
59 67 239 
59 68 701 
59 69 363 
59 70 431 
59 71 245 
59 72 848 
59 73 426 
59 74 380 
59 75 915 
59 76 657 
59 77 196 
59 78 250 
59 79 552 
59 80 862 
59 81 360 
59 82 892 
59 83 634 
59 84 497 
59 85 470 
59 86 778 
59 87 875 
59 88 902 
59 89 598 
59 90 709 
59 91 848 
59 92 909 
59 93 256 
59 94 996 
59 95 329 
59 96 542 
59 97 944 
59 98 602 
59 99 659 
59 100 725 
60 61 305 
60 62 745 
60 63 239 
60 64 643 
60 65 823 
60 66 200 
60 67 229 
60 68 220 
60 69 653 
60 70 665 
60 71 618 
60 72 803 
60 73 287 
60 74 121 
60 75 452 
60 76 888 
60 77 810 
60 78 146 
60 79 450 
60 80 964 
60 81 515 
60 82 513 
60 83 269 
60 84 461 
60 85 660 
60 86 967 
60 87 454 
60 88 541 
60 89 268 
60 90 977 
60 91 773 
60 92 678 
60 93 311 
60 94 612 
60 95 597 
60 96 167 
60 97 658 
60 98 460 
60 99 484 
60 100 993 
61 62 164 
61 63 262 
61 64 414 
61 65 561 
61 66 205 
61 67 566 
61 68 238 
61 69 894 
61 70 661 
61 71 519 
61 72 134 
61 73 212 
61 74 723 
61 75 320 
61 76 954 
61 77 559 
61 78 878 
61 79 714 
61 80 341 
61 81 452 
61 82 812 
61 83 681 
61 84 653 
61 85 802 
61 86 514 
61 87 361 
61 88 485 
61 89 124 
61 90 923 
61 91 576 
61 92 778 
61 93 555 
61 94 739 
61 95 145 
61 96 629 
61 97 882 
61 98 222 
61 99 341 
61 100 205 
62 63 596 
62 64 977 
62 65 437 
62 66 991 
62 67 303 
62 68 261 
62 69 650 
62 70 324 
62 71 931 
62 72 217 
62 73 485 
62 74 758 
62 75 882 
62 76 449 
62 77 513 
62 78 976 
62 79 697 
62 80 339 
62 81 146 
62 82 762 
62 83 295 
62 84 404 
62 85 554 
62 86 575 
62 87 866 
62 88 925 
62 89 596 
62 90 333 
62 91 619 
62 92 989 
62 93 989 
62 94 763 
62 95 165 
62 96 77 
62 97 946 
62 98 291 
62 99 928 
62 100 840 
63 64 818 
63 65 837 
63 66 610 
63 67 343 
63 68 674 
63 69 434 
63 70 775 
63 71 546 
63 72 183 
63 73 817 
63 74 675 
63 75 374 
63 76 522 
63 77 755 
63 78 668 
63 79 427 
63 80 212 
63 81 998 
63 82 992 
63 83 818 
63 84 341 
63 85 913 
63 86 616 
63 87 452 
63 88 224 
63 89 358 
63 90 746 
63 91 831 
63 92 342 
63 93 863 
63 94 922 
63 95 340 
63 96 417 
63 97 405 
63 98 198 
63 99 239 
63 100 379 
64 65 540 
64 66 670 
64 67 471 
64 68 996 
64 69 667 
64 70 825 
64 71 906 
64 72 765 
64 73 132 
64 74 573 
64 75 883 
64 76 787 
64 77 918 
64 78 515 
64 79 845 
64 80 969 
64 81 544 
64 82 704 
64 83 218 
64 84 473 
64 85 774 
64 86 155 
64 87 350 
64 88 577 
64 89 495 
64 90 411 
64 91 281 
64 92 702 
64 93 200 
64 94 182 
64 95 858 
64 96 554 
64 97 125 
64 98 641 
64 99 357 
64 100 933 
65 66 139 
65 67 276 
65 68 782 
65 69 463 
65 70 901 
65 71 198 
65 72 454 
65 73 119 
65 74 488 
65 75 177 
65 76 828 
65 77 197 
65 78 460 
65 79 874 
65 80 127 
65 81 782 
65 82 869 
65 83 406 
65 84 455 
65 85 811 
65 86 429 
65 87 449 
65 88 896 
65 89 297 
65 90 206 
65 91 643 
65 92 180 
65 93 496 
65 94 518 
65 95 233 
65 96 601 
65 97 203 
65 98 547 
65 99 422 
65 100 684 
66 67 487 
66 68 252 
66 69 554 
66 70 651 
66 71 543 
66 72 958 
66 73 884 
66 74 406 
66 75 850 
66 76 409 
66 77 751 
66 78 842 
66 79 742 
66 80 596 
66 81 688 
66 82 535 
66 83 225 
66 84 843 
66 85 712 
66 86 847 
66 87 394 
66 88 111 
66 89 969 
66 90 318 
66 91 250 
66 92 446 
66 93 771 
66 94 999 
66 95 851 
66 96 242 
66 97 509 
66 98 575 
66 99 511 
66 100 703 
67 68 709 
67 69 361 
67 70 490 
67 71 939 
67 72 348 
67 73 284 
67 74 756 
67 75 527 
67 76 363 
67 77 888 
67 78 729 
67 79 991 
67 80 387 
67 81 638 
67 82 928 
67 83 768 
67 84 226 
67 85 136 
67 86 789 
67 87 521 
67 88 266 
67 89 238 
67 90 444 
67 91 407 
67 92 257 
67 93 828 
67 94 857 
67 95 676 
67 96 957 
67 97 504 
67 98 388 
67 99 390 
67 100 699 
68 69 300 
68 70 228 
68 71 202 
68 72 280 
68 73 845 
68 74 837 
68 75 132 
68 76 706 
68 77 620 
68 78 449 
68 79 121 
68 80 711 
68 81 818 
68 82 761 
68 83 844 
68 84 200 
68 85 194 
68 86 442 
68 87 127 
68 88 507 
68 89 371 
68 90 347 
68 91 639 
68 92 497 
68 93 628 
68 94 763 
68 95 256 
68 96 765 
68 97 368 
68 98 233 
68 99 349 
68 100 396 
69 70 667 
69 71 972 
69 72 485 
69 73 812 
69 74 785 
69 75 815 
69 76 872 
69 77 266 
69 78 277 
69 79 717 
69 80 369 
69 81 799 
69 82 812 
69 83 494 
69 84 158 
69 85 463 
69 86 552 
69 87 315 
69 88 725 
69 89 710 
69 90 992 
69 91 300 
69 92 158 
69 93 460 
69 94 664 
69 95 767 
69 96 164 
69 97 426 
69 98 474 
69 99 582 
69 100 227 
70 71 640 
70 72 332 
70 73 923 
70 74 887 
70 75 172 
70 76 586 
70 77 271 
70 78 745 
70 79 844 
70 80 147 
70 81 952 
70 82 589 
70 83 881 
70 84 770 
70 85 914 
70 86 535 
70 87 681 
70 88 794 
70 89 864 
70 90 171 
70 91 256 
70 92 848 
70 93 903 
70 94 148 
70 95 974 
70 96 519 
70 97 399 
70 98 885 
70 99 475 
70 100 652 
71 72 532 
71 73 794 
71 74 328 
71 75 477 
71 76 685 
71 77 614 
71 78 187 
71 79 413 
71 80 258 
71 81 241 
71 82 838 
71 83 891 
71 84 306 
71 85 954 
71 86 173 
71 87 527 
71 88 563 
71 89 959 
71 90 598 
71 91 874 
71 92 657 
71 93 721 
71 94 583 
71 95 148 
71 96 993 
71 97 974 
71 98 923 
71 99 716 
71 100 537 
72 73 827 
72 74 751 
72 75 904 
72 76 332 
72 77 538 
72 78 375 
72 79 557 
72 80 516 
72 81 276 
72 82 939 
72 83 682 
72 84 636 
72 85 973 
72 86 346 
72 87 546 
72 88 578 
72 89 775 
72 90 438 
72 91 328 
72 92 829 
72 93 316 
72 94 523 
72 95 307 
72 96 427 
72 97 691 
72 98 259 
72 99 891 
72 100 721 
73 74 885 
73 75 160 
73 76 934 
73 77 421 
73 78 530 
73 79 812 
73 80 991 
73 81 814 
73 82 123 
73 83 481 
73 84 635 
73 85 731 
73 86 187 
73 87 448 
73 88 442 
73 89 389 
73 90 171 
73 91 917 
73 92 273 
73 93 309 
73 94 283 
73 95 238 
73 96 994 
73 97 530 
73 98 720 
73 99 274 
73 100 195 
74 75 15 
74 76 66 
74 77 67 
74 78 44 
74 79 96 
74 80 64 
74 81 91 
74 82 25 
74 83 12 
74 84 17 
74 85 77 
74 86 94 
74 87 96 
74 88 47 
74 89 45 
74 90 235 
74 91 613 
74 92 637 
74 93 550 
74 94 983 
74 95 137 
74 96 313 
74 97 173 
74 98 645 
74 99 317 
74 100 250 
75 76 121 
75 77 885 
75 78 115 
75 79 424 
75 80 423 
75 81 977 
75 82 202 
75 83 329 
75 84 852 
75 85 543 
75 86 232 
75 87 377 
75 88 309 
75 89 687 
75 90 303 
75 91 199 
75 92 520 
75 93 283 
75 94 951 
75 95 237 
75 96 151 
75 97 930 
75 98 153 
75 99 197 
75 100 167 
76 77 750 
76 78 837 
76 79 422 
76 80 880 
76 81 725 
76 82 624 
76 83 317 
76 84 257 
76 85 362 
76 86 181 
76 87 142 
76 88 245 
76 89 229 
76 90 207 
76 91 780 
76 92 167 
76 93 363 
76 94 786 
76 95 919 
76 96 293 
76 97 125 
76 98 471 
76 99 416 
76 100 874 
77 78 398 
77 79 913 
77 80 711 
77 81 644 
77 82 506 
77 83 302 
77 84 532 
77 85 307 
77 86 145 
77 87 467 
77 88 654 
77 89 533 
77 90 642 
77 91 778 
77 92 682 
77 93 378 
77 94 211 
77 95 946 
77 96 946 
77 97 796 
77 98 354 
77 99 437 
77 100 662 
78 79 370 
78 80 425 
78 81 968 
78 82 119 
78 83 396 
78 84 819 
78 85 454 
78 86 861 
78 87 715 
78 88 151 
78 89 898 
78 90 214 
78 91 817 
78 92 413 
78 93 460 
78 94 438 
78 95 490 
78 96 360 
78 97 137 
78 98 285 
78 99 783 
78 100 191 
79 80 459 
79 81 164 
79 82 359 
79 83 363 
79 84 268 
79 85 907 
79 86 716 
79 87 606 
79 88 912 
79 89 651 
79 90 701 
79 91 433 
79 92 304 
79 93 409 
79 94 839 
79 95 568 
79 96 998 
79 97 817 
79 98 489 
79 99 129 
79 100 703 
80 81 499 
80 82 749 
80 83 378 
80 84 783 
80 85 695 
80 86 484 
80 87 339 
80 88 297 
80 89 612 
80 90 256 
80 91 117 
80 92 992 
80 93 529 
80 94 893 
80 95 446 
80 96 446 
80 97 521 
80 98 960 
80 99 621 
80 100 709 
81 82 575 
81 83 895 
81 84 350 
81 85 654 
81 86 898 
81 87 675 
81 88 391 
81 89 125 
81 90 734 
81 91 162 
81 92 939 
81 93 192 
81 94 400 
81 95 893 
81 96 674 
81 97 969 
81 98 338 
81 99 798 
81 100 661 
82 83 899 
82 84 499 
82 85 701 
82 86 332 
82 87 901 
82 88 511 
82 89 333 
82 90 992 
82 91 448 
82 92 282 
82 93 588 
82 94 982 
82 95 796 
82 96 297 
82 97 450 
82 98 483 
82 99 951 
82 100 532 
83 84 382 
83 85 308 
83 86 983 
83 87 862 
83 88 279 
83 89 211 
83 90 673 
83 91 695 
83 92 696 
83 93 416 
83 94 906 
83 95 787 
83 96 405 
83 97 711 
83 98 506 
83 99 268 
83 100 839 
84 85 240 
84 86 756 
84 87 659 
84 88 519 
84 89 125 
84 90 766 
84 91 924 
84 92 162 
84 93 92 
84 94 552 
84 95 385 
84 96 447 
84 97 651 
84 98 346 
84 99 847 
84 100 116 
85 86 163 
85 87 562 
85 88 760 
85 89 838 
85 90 739 
85 91 284 
85 92 124 
85 93 457 
85 94 706 
85 95 318 
85 96 348 
85 97 264 
85 98 961 
85 99 456 
85 100 746 
86 87 802 
86 88 168 
86 89 192 
86 90 917 
86 91 913 
86 92 468 
86 93 600 
86 94 424 
86 95 914 
86 96 945 
86 97 679 
86 98 499 
86 99 804 
86 100 526 
87 88 199 
87 89 949 
87 90 126 
87 91 591 
87 92 886 
87 93 232 
87 94 500 
87 95 565 
87 96 282 
87 97 313 
87 98 214 
87 99 630 
87 100 824 
88 89 209 
88 90 831 
88 91 972 
88 92 612 
88 93 318 
88 94 231 
88 95 743 
88 96 761 
88 97 796 
88 98 119 
88 99 822 
88 100 981 
89 90 536 
89 91 898 
89 92 520 
89 93 502 
89 94 813 
89 95 130 
89 96 730 
89 97 157 
89 98 800 
89 99 716 
89 100 347 
90 91 184 
90 92 931 
90 93 614 
90 94 966 
90 95 474 
90 96 568 
90 97 896 
90 98 222 
90 99 416 
90 100 137 
91 92 463 
91 93 973 
91 94 533 
91 95 903 
91 96 406 
91 97 702 
91 98 230 
91 99 322 
91 100 801 
92 93 529 
92 94 578 
92 95 586 
92 96 310 
92 97 649 
92 98 596 
92 99 299 
92 100 789 
93 94 224 
93 95 192 
93 96 580 
93 97 497 
93 98 990 
93 99 974 
93 100 533 
94 95 205 
94 96 898 
94 97 829 
94 98 771 
94 99 114 
94 100 172 
95 96 710 
95 97 212 
95 98 893 
95 99 456 
95 100 645 
96 97 935 
96 98 583 
96 99 576 
96 100 341 
97 98 583 
97 99 830 
97 100 492 
98 99 336 
98 100 692 
99 100 601 
