100 3
1   1
2   0 
3   0
4   0
5   0
6   0
7   0
8   0
9   0
10  0
11  0
12  0
13  0
14  0
15  0
16  0
17  0
18  0
19  0
20  0
21  0
22  0
23  0
24  0
25  0
26  0
27  0
28  0
29  0
30  0
31  0
32  0
33  0
34  0
35  0
36  0
37  0
38  0
39  0
40  0
41  0
42  0
43  0
44  0
45  0
46  0
47  0
48  0
49  0
50  0
51  0
52  0
53  0
54  0
55  0
56  0
57  0
58  0
59  0
60  0
61  0
62  0
63  0
64  0
65  0
66  0
67  0
68  0
69  0
70  0
71  0
72  0
73  0
74  0
75  0
76  0
77  0
78  0
79  0
80  0
81  0
82  0
83  0
84  0
85  0
86  0
87  0
88  0
89  0
90  0
91  0
92  0
93  0
94  0
95  0
96  0
97  0
98  0
99  0 
100 0 
1 2 12 
1 3 48 
1 4 32 
1 5 96 
1 6 71 
1 7 55 
1 8 72 
1 9 47 
1 10 15 
1 11 65 
1 12 73 
1 13 811 
1 14 445 
1 15 900 
1 16 163 
1 17 915 
1 18 223 
1 19 631 
1 20 532 
1 21 621 
1 22 503 
1 23 611 
1 24 835 
1 25 843 
1 26 461 
1 27 585 
1 28 294 
1 29 785 
1 30 699 
1 31 677 
1 32 881 
1 33 312 
1 34 978 
1 35 293 
1 36 828 
1 37 599 
1 38 123 
1 39 308 
1 40 607 
1 41 320 
1 42 668 
1 43 465 
1 44 687 
1 45 908 
1 46 520 
1 47 133 
1 48 286 
1 49 828 
1 50 345 
1 51 656 
1 52 286 
1 53 907 
1 54 781 
1 55 310 
1 56 530 
1 57 899 
1 58 616 
1 59 212 
1 60 576 
1 61 741 
1 62 223 
1 63 498 
1 64 659 
1 65 775 
1 66 356 
1 67 571 
1 68 630 
1 69 867 
1 70 266 
1 71 530 
1 72 338 
1 73 384 
1 74 788 
1 75 521 
1 76 585 
1 77 676 
1 78 160 
1 79 283 
1 80 118 
1 81 587 
1 82 458 
1 83 508 
1 84 176 
1 85 746 
1 86 265 
1 87 255 
1 88 548 
1 89 281 
1 90 188 
1 91 301 
1 92 209 
1 93 553 
1 94 182 
1 95 683 
1 96 904 
1 97 547 
1 98 375 
1 99 122 
1 100 339 
2 3 701 
2 4 480 
2 5 482 
2 6 313 
2 7 600 
2 8 905 
2 9 151 
2 10 117 
2 11 698 
2 12 559 
2 13 551 
2 14 749 
2 15 777 
2 16 297 
2 17 508 
2 18 398 
2 19 599 
2 20 199 
2 21 672 
2 22 121 
2 23 901 
2 24 370 
2 25 974 
2 26 557 
2 27 541 
2 28 557 
2 29 521 
2 30 433 
2 31 496 
2 32 995 
2 33 631 
2 34 202 
2 35 339 
2 36 271 
2 37 519 
2 38 690 
2 39 852 
2 40 294 
2 41 239 
2 42 662 
2 43 544 
2 44 327 
2 45 155 
2 46 663 
2 47 930 
2 48 371 
2 49 957 
2 50 848 
2 51 805 
2 52 946 
2 53 752 
2 54 332 
2 55 216 
2 56 622 
2 57 716 
2 58 908 
2 59 415 
2 60 853 
2 61 614 
2 62 397 
2 63 275 
2 64 445 
2 65 203 
2 66 659 
2 67 947 
2 68 533 
2 69 692 
2 70 239 
2 71 298 
2 72 380 
2 73 833 
2 74 470 
2 75 550 
2 76 589 
2 77 191 
2 78 681 
2 79 656 
2 80 511 
2 81 836 
2 82 239 
2 83 848 
2 84 286 
2 85 999 
2 86 309 
2 87 374 
2 88 775 
2 89 414 
2 90 415 
2 91 409 
2 92 257 
2 93 532 
2 94 232 
2 95 665 
2 96 157 
2 97 398 
2 98 799 
2 99 332 
2 100 870 
3 4 503 
3 5 630 
3 6 679 
3 7 129 
3 8 990 
3 9 328 
3 10 363 
3 11 213 
3 12 316 
3 13 963 
3 14 129 
3 15 270 
3 16 725 
3 17 871 
3 18 820 
3 19 617 
3 20 723 
3 21 138 
3 22 528 
3 23 385 
3 24 287 
3 25 770 
3 26 310 
3 27 150 
3 28 263 
3 29 659 
3 30 180 
3 31 962 
3 32 164 
3 33 629 
3 34 463 
3 35 489 
3 36 279 
3 37 689 
3 38 741 
3 39 740 
3 40 309 
3 41 158 
3 42 393 
3 43 746 
3 44 449 
3 45 282 
3 46 654 
3 47 465 
3 48 771 
3 49 460 
3 50 282 
3 51 870 
3 52 866 
3 53 134 
3 54 796 
3 55 271 
3 56 611 
3 57 695 
3 58 830 
3 59 705 
3 60 706 
3 61 282 
3 62 568 
3 63 666 
3 64 772 
3 65 753 
3 66 678 
3 67 142 
3 68 529 
3 69 604 
3 70 684 
3 71 547 
3 72 391 
3 73 479 
3 74 768 
3 75 423 
3 76 364 
3 77 874 
3 78 699 
3 79 179 
3 80 377 
3 81 148 
3 82 290 
3 83 544 
3 84 611 
3 85 279 
3 86 974 
3 87 974 
3 88 587 
3 89 724 
3 90 377 
3 91 162 
3 92 673 
3 93 119 
3 94 257 
3 95 522 
3 96 559 
3 97 181 
3 98 353 
3 99 914 
3 100 565 
4 5 388 
4 6 948 
4 7 115 
4 8 790 
4 9 785 
4 10 195 
4 11 401 
4 12 580 
4 13 516 
4 14 594 
4 15 486 
4 16 859 
4 17 943 
4 18 886 
4 19 931 
4 20 290 
4 21 458 
4 22 691 
4 23 738 
4 24 933 
4 25 525 
4 26 306 
4 27 410 
4 28 449 
4 29 286 
4 30 910 
4 31 373 
4 32 347 
4 33 301 
4 34 358 
4 35 416 
4 36 282 
4 37 449 
4 38 920 
4 39 706 
4 40 714 
4 41 597 
4 42 818 
4 43 225 
4 44 989 
4 45 450 
4 46 664 
4 47 405 
4 48 278 
4 49 725 
4 50 695 
4 51 739 
4 52 252 
4 53 545 
4 54 545 
4 55 526 
4 56 803 
4 57 202 
4 58 555 
4 59 999 
4 60 743 
4 61 967 
4 62 867 
4 63 677 
4 64 691 
4 65 35 
4 66 259 
4 67 146 
4 68 557 
4 69 161 
4 70 694 
4 71 628 
4 72 151 
4 73 642 
4 74 761 
4 75 773 
4 76 744 
4 77 930 
4 78 691 
4 79 262 
4 80 377 
4 81 392 
4 82 396 
4 83 561 
4 84 301 
4 85 218 
4 86 885 
4 87 808 
4 88 458 
4 89 625 
4 90 611 
4 91 939 
4 92 352 
4 93 824 
4 94 796 
4 95 978 
4 96 324 
4 97 912 
4 98 284 
4 99 662 
4 100 824 
5 6 376 
5 7 612 
5 8 426 
5 9 697 
5 10 951 
5 11 692 
5 12 663 
5 13 223 
5 14 736 
5 15 273 
5 16 192 
5 17 569 
5 18 266 
5 19 561 
5 20 642 
5 21 525 
5 22 815 
5 23 358 
5 24 213 
5 25 863 
5 26 158 
5 27 131 
5 28 256 
5 29 461 
5 30 790 
5 31 579 
5 32 388 
5 33 189 
5 34 226 
5 35 632 
5 36 382 
5 37 552 
5 38 229 
5 39 169 
5 40 419 
5 41 594 
5 42 457 
5 43 966 
5 44 479 
5 45 658 
5 46 915 
5 47 885 
5 48 208 
5 49 466 
5 50 643 
5 51 642 
5 52 241 
5 53 952 
5 54 749 
5 55 820 
5 56 887 
5 57 905 
5 58 998 
5 59 404 
5 60 178 
5 61 495 
5 62 187 
5 63 461 
5 64 588 
5 65 310 
5 66 172 
5 67 939 
5 68 894 
5 69 700 
5 70 495 
5 71 527 
5 72 874 
5 73 569 
5 74 865 
5 75 568 
5 76 412 
5 77 736 
5 78 458 
5 79 563 
5 80 867 
5 81 493 
5 82 705 
5 83 814 
5 84 318 
5 85 643 
5 86 196 
5 87 397 
5 88 586 
5 89 121 
5 90 349 
5 91 834 
5 92 308 
5 93 437 
5 94 603 
5 95 254 
5 96 960 
5 97 608 
5 98 245 
5 99 142 
5 100 588 
6 7 537 
6 8 431 
6 9 897 
6 10 191 
6 11 586 
6 12 542 
6 13 698 
6 14 533 
6 15 607 
6 16 880 
6 17 404 
6 18 783 
6 19 393 
6 20 744 
6 21 390 
6 22 658 
6 23 449 
6 24 646 
6 25 435 
6 26 300 
6 27 926 
6 28 408 
6 29 125 
6 30 288 
6 31 765 
6 32 814 
6 33 562 
6 34 240 
6 35 326 
6 36 645 
6 37 601 
6 38 400 
6 39 227 
6 40 362 
6 41 882 
6 42 736 
6 43 414 
6 44 744 
6 45 962 
6 46 379 
6 47 993 
6 48 318 
6 49 120 
6 50 914 
6 51 849 
6 52 543 
6 53 170 
6 54 677 
6 55 579 
6 56 777 
6 57 247 
6 58 531 
6 59 121 
6 60 762 
6 61 569 
6 62 851 
6 63 670 
6 64 338 
6 65 767 
6 66 961 
6 67 695 
6 68 577 
6 69 822 
6 70 253 
6 71 189 
6 72 147 
6 73 150 
6 74 420 
6 75 599 
6 76 114 
6 77 674 
6 78 661 
6 79 525 
6 80 404 
6 81 377 
6 82 354 
6 83 648 
6 84 510 
6 85 250 
6 86 965 
6 87 928 
6 88 899 
6 89 913 
6 90 727 
6 91 945 
6 92 893 
6 93 440 
6 94 499 
6 95 402 
6 96 735 
6 97 801 
6 98 315 
6 99 164 
6 100 359 
7 8 231 
7 9 996 
7 10 683 
7 11 390 
7 12 382 
7 13 631 
7 14 280 
7 15 511 
7 16 790 
7 17 672 
7 18 910 
7 19 280 
7 20 619 
7 21 138 
7 22 568 
7 23 871 
7 24 999 
7 25 691 
7 26 183 
7 27 129 
7 28 750 
7 29 981 
7 30 780 
7 31 989 
7 32 386 
7 33 770 
7 34 946 
7 35 511 
7 36 344 
7 37 912 
7 38 950 
7 39 524 
7 40 463 
7 41 847 
7 42 441 
7 43 661 
7 44 576 
7 45 813 
7 46 664 
7 47 857 
7 48 355 
7 49 307 
7 50 874 
7 51 561 
7 52 678 
7 53 163 
7 54 708 
7 55 854 
7 56 306 
7 57 681 
7 58 114 
7 59 836 
7 60 972 
7 61 654 
7 62 293 
7 63 243 
7 64 679 
7 65 405 
7 66 544 
7 67 612 
7 68 678 
7 69 424 
7 70 708 
7 71 941 
7 72 836 
7 73 570 
7 74 146 
7 75 789 
7 76 930 
7 77 813 
7 78 258 
7 79 617 
7 80 950 
7 81 714 
7 82 605 
7 83 830 
7 84 295 
7 85 325 
7 86 161 
7 87 800 
7 88 939 
7 89 909 
7 90 720 
7 91 797 
7 92 114 
7 93 966 
7 94 197 
7 95 577 
7 96 647 
7 97 692 
7 98 117 
7 99 711 
7 100 486 
8 9 648 
8 10 295 
8 11 804 
8 12 938 
8 13 968 
8 14 405 
8 15 623 
8 16 174 
8 17 553 
8 18 851 
8 19 934 
8 20 459 
8 21 651 
8 22 702 
8 23 767 
8 24 817 
8 25 760 
8 26 174 
8 27 540 
8 28 843 
8 29 174 
8 30 144 
8 31 152 
8 32 904 
8 33 869 
8 34 851 
8 35 171 
8 36 131 
8 37 125 
8 38 996 
8 39 415 
8 40 785 
8 41 220 
8 42 859 
8 43 986 
8 44 708 
8 45 937 
8 46 216 
8 47 757 
8 48 180 
8 49 847 
8 50 397 
8 51 824 
8 52 195 
8 53 452 
8 54 559 
8 55 717 
8 56 986 
8 57 388 
8 58 664 
8 59 694 
8 60 578 
8 61 143 
8 62 989 
8 63 515 
8 64 232 
8 65 932 
8 66 395 
8 67 171 
8 68 459 
8 69 959 
8 70 799 
8 71 565 
8 72 877 
8 73 852 
8 74 847 
8 75 395 
8 76 196 
8 77 467 
8 78 284 
8 79 426 
8 80 866 
8 81 804 
8 82 379 
8 83 251 
8 84 284 
8 85 570 
8 86 145 
8 87 801 
8 88 829 
8 89 150 
8 90 466 
8 91 480 
8 92 166 
8 93 741 
8 94 362 
8 95 523 
8 96 881 
8 97 909 
8 98 899 
8 99 248 
8 100 717 
9 10 145 
9 11 956 
9 12 481 
9 13 459 
9 14 206 
9 15 774 
9 16 504 
9 17 124 
9 18 877 
9 19 593 
9 20 341 
9 21 762 
9 22 260 
9 23 951 
9 24 854 
9 25 152 
9 26 200 
9 27 892 
9 28 429 
9 29 602 
9 30 497 
9 31 645 
9 32 228 
9 33 223 
9 34 720 
9 35 800 
9 36 775 
9 37 527 
9 38 232 
9 39 925 
9 40 937 
9 41 913 
9 42 416 
9 43 796 
9 44 229 
9 45 509 
9 46 632 
9 47 801 
9 48 338 
9 49 274 
9 50 127 
9 51 648 
9 52 502 
9 53 812 
9 54 910 
9 55 696 
9 56 368 
9 57 709 
9 58 194 
9 59 354 
9 60 484 
9 61 953 
9 62 826 
9 63 131 
9 64 327 
9 65 503 
9 66 810 
9 67 962 
9 68 914 
9 69 309 
9 70 512 
9 71 861 
9 72 408 
9 73 351 
9 74 421 
9 75 551 
9 76 782 
9 77 617 
9 78 759 
9 79 973 
9 80 758 
9 81 776 
9 82 989 
9 83 205 
9 84 116 
9 85 330 
9 86 560 
9 87 916 
9 88 306 
9 89 789 
9 90 228 
9 91 789 
9 92 655 
9 93 980 
9 94 454 
9 95 249 
9 96 657 
9 97 302 
9 98 725 
9 99 569 
9 100 765 
10 11 627 
10 12 203 
10 13 414 
10 14 849 
10 15 389 
10 16 459 
10 17 376 
10 18 543 
10 19 117 
10 20 346 
10 21 495 
10 22 502 
10 23 578 
10 24 124 
10 25 809 
10 26 190 
10 27 153 
10 28 982 
10 29 292 
10 30 461 
10 31 144 
10 32 178 
10 33 577 
10 34 486 
10 35 173 
10 36 308 
10 37 752 
10 38 266 
10 39 886 
10 40 949 
10 41 884 
10 42 170 
10 43 734 
10 44 993 
10 45 796 
10 46 544 
10 47 791 
10 48 709 
10 49 598 
10 50 926 
10 51 435 
10 52 604 
10 53 722 
10 54 870 
10 55 270 
10 56 945 
10 57 693 
10 58 534 
10 59 947 
10 60 949 
10 61 383 
10 62 683 
10 63 171 
10 64 525 
10 65 775 
10 66 833 
10 67 193 
10 68 993 
10 69 715 
10 70 929 
10 71 555 
10 72 221 
10 73 671 
10 74 687 
10 75 278 
10 76 199 
10 77 194 
10 78 182 
10 79 138 
10 80 498 
10 81 740 
10 82 772 
10 83 636 
10 84 315 
10 85 793 
10 86 876 
10 87 311 
10 88 350 
10 89 445 
10 90 814 
10 91 448 
10 92 365 
10 93 128 
10 94 476 
10 95 194 
10 96 491 
10 97 912 
10 98 951 
10 99 830 
10 100 684 
11 12 715 
11 13 680 
11 14 144 
11 15 313 
11 16 887 
11 17 655 
11 18 185 
11 19 312 
11 20 968 
11 21 267 
11 22 436 
11 23 969 
11 24 335 
11 25 884 
11 26 504 
11 27 443 
11 28 540 
11 29 322 
11 30 297 
11 31 777 
11 32 662 
11 33 551 
11 34 834 
11 35 426 
11 36 292 
11 37 129 
11 38 614 
11 39 472 
11 40 926 
11 41 194 
11 42 807 
11 43 464 
11 44 247 
11 45 518 
11 46 357 
11 47 445 
11 48 391 
11 49 617 
11 50 887 
11 51 666 
11 52 508 
11 53 471 
11 54 887 
11 55 472 
11 56 216 
11 57 706 
11 58 374 
11 59 737 
11 60 252 
11 61 602 
11 62 256 
11 63 980 
11 64 976 
11 65 256 
11 66 949 
11 67 223 
11 68 799 
11 69 153 
11 70 322 
11 71 333 
11 72 768 
11 73 606 
11 74 858 
11 75 201 
11 76 874 
11 77 698 
11 78 142 
11 79 361 
11 80 802 
11 81 809 
11 82 210 
11 83 673 
11 84 545 
11 85 523 
11 86 559 
11 87 955 
11 88 740 
11 89 427 
11 90 487 
11 91 293 
11 92 585 
11 93 905 
11 94 406 
11 95 155 
11 96 136 
11 97 780 
11 98 436 
11 99 136 
11 100 894 
12 13 550 
12 14 344 
12 15 383 
12 16 472 
12 17 523 
12 18 166 
12 19 327 
12 20 245 
12 21 152 
12 22 501 
12 23 572 
12 24 509 
12 25 432 
12 26 987 
12 27 795 
12 28 344 
12 29 212 
12 30 328 
12 31 682 
12 32 166 
12 33 498 
12 34 589 
12 35 879 
12 36 465 
12 37 234 
12 38 507 
12 39 127 
12 40 864 
12 41 566 
12 42 382 
12 43 627 
12 44 596 
12 45 489 
12 46 354 
12 47 562 
12 48 972 
12 49 486 
12 50 817 
12 51 787 
12 52 343 
12 53 139 
12 54 114 
12 55 411 
12 56 661 
12 57 163 
12 58 940 
12 59 196 
12 60 841 
12 61 922 
12 62 774 
12 63 626 
12 64 160 
12 65 983 
12 66 976 
12 67 292 
12 68 485 
12 69 322 
12 70 509 
12 71 895 
12 72 389 
12 73 744 
12 74 645 
12 75 535 
12 76 136 
12 77 251 
12 78 786 
12 79 204 
12 80 944 
12 81 163 
12 82 835 
12 83 711 
12 84 692 
12 85 194 
12 86 929 
12 87 463 
12 88 309 
12 89 372 
12 90 692 
12 91 143 
12 92 510 
12 93 210 
12 94 401 
12 95 905 
12 96 697 
12 97 991 
12 98 802 
12 99 212 
12 100 880 
13 14 22 
13 15 80 
13 16 38 
13 17 70 
13 18 76 
13 19 88 
13 20 26 
13 21 76 
13 22 42 
13 23 61 
13 24 76 
13 25 26 
13 26 67 
13 27 15 
13 28 289 
13 29 632 
13 30 313 
13 31 638 
13 32 196 
13 33 992 
13 34 235 
13 35 843 
13 36 336 
13 37 480 
13 38 782 
13 39 206 
13 40 371 
13 41 581 
13 42 849 
13 43 865 
13 44 802 
13 45 306 
13 46 141 
13 47 131 
13 48 557 
13 49 203 
13 50 927 
13 51 704 
13 52 468 
13 53 573 
13 54 465 
13 55 869 
13 56 541 
13 57 257 
13 58 618 
13 59 558 
13 60 527 
13 61 720 
13 62 561 
13 63 716 
13 64 491 
13 65 853 
13 66 987 
13 67 374 
13 68 412 
13 69 329 
13 70 248 
13 71 359 
13 72 167 
13 73 888 
13 74 570 
13 75 481 
13 76 321 
13 77 652 
13 78 670 
13 79 166 
13 80 313 
13 81 880 
13 82 734 
13 83 155 
13 84 581 
13 85 578 
13 86 553 
13 87 340 
13 88 397 
13 89 168 
13 90 836 
13 91 580 
13 92 271 
13 93 886 
13 94 136 
13 95 866 
13 96 790 
13 97 616 
13 98 735 
13 99 882 
13 100 690 
14 15 687 
14 16 718 
14 17 913 
14 18 971 
14 19 390 
14 20 536 
14 21 827 
14 22 727 
14 23 113 
14 24 485 
14 25 135 
14 26 631 
14 27 637 
14 28 984 
14 29 880 
14 30 712 
14 31 297 
14 32 756 
14 33 808 
14 34 854 
14 35 135 
14 36 922 
14 37 274 
14 38 678 
14 39 222 
14 40 240 
14 41 451 
14 42 433 
14 43 333 
14 44 491 
14 45 282 
14 46 227 
14 47 398 
14 48 624 
14 49 735 
14 50 498 
14 51 542 
14 52 760 
14 53 162 
14 54 169 
14 55 827 
14 56 891 
14 57 659 
14 58 494 
14 59 774 
14 60 506 
14 61 978 
14 62 187 
14 63 532 
14 64 292 
14 65 255 
14 66 286 
14 67 151 
14 68 279 
14 69 957 
14 70 533 
14 71 677 
14 72 175 
14 73 134 
14 74 637 
14 75 448 
14 76 783 
14 77 257 
14 78 240 
14 79 114 
14 80 541 
14 81 886 
14 82 447 
14 83 116 
14 84 926 
14 85 921 
14 86 498 
14 87 510 
14 88 397 
14 89 503 
14 90 443 
14 91 392 
14 92 632 
14 93 216 
14 94 497 
14 95 329 
14 96 929 
14 97 634 
14 98 479 
14 99 840 
14 100 655 
15 16 839 
15 17 947 
15 18 182 
15 19 168 
15 20 667 
15 21 293 
15 22 259 
15 23 921 
15 24 273 
15 25 712 
15 26 677 
15 27 756 
15 28 978 
15 29 592 
15 30 946 
15 31 234 
15 32 569 
15 33 465 
15 34 304 
15 35 787 
15 36 384 
15 37 792 
15 38 525 
15 39 268 
15 40 187 
15 41 357 
15 42 950 
15 43 586 
15 44 752 
15 45 973 
15 46 471 
15 47 641 
15 48 769 
15 49 580 
15 50 420 
15 51 647 
15 52 465 
15 53 331 
15 54 831 
15 55 453 
15 56 655 
15 57 307 
15 58 691 
15 59 543 
15 60 223 
15 61 562 
15 62 484 
15 63 225 
15 64 584 
15 65 824 
15 66 327 
15 67 647 
15 68 215 
15 69 579 
15 70 330 
15 71 661 
15 72 916 
15 73 647 
15 74 283 
15 75 215 
15 76 474 
15 77 437 
15 78 454 
15 79 683 
15 80 994 
15 81 982 
15 82 674 
15 83 703 
15 84 699 
15 85 646 
15 86 792 
15 87 385 
15 88 398 
15 89 903 
15 90 406 
15 91 590 
15 92 840 
15 93 410 
15 94 700 
15 95 739 
15 96 471 
15 97 361 
15 98 401 
15 99 948 
15 100 970 
16 17 557 
16 18 975 
16 19 629 
16 20 694 
16 21 682 
16 22 940 
16 23 320 
16 24 320 
16 25 631 
16 26 973 
16 27 339 
16 28 354 
16 29 928 
16 30 414 
16 31 514 
16 32 608 
16 33 991 
16 34 615 
16 35 179 
16 36 165 
16 37 309 
16 38 828 
16 39 651 
16 40 842 
16 41 206 
16 42 154 
16 43 724 
16 44 509 
16 45 996 
16 46 214 
16 47 188 
16 48 880 
16 49 933 
16 50 783 
16 51 444 
16 52 369 
16 53 731 
16 54 379 
16 55 878 
16 56 981 
16 57 339 
16 58 823 
16 59 132 
16 60 733 
16 61 467 
16 62 759 
16 63 300 
16 64 731 
16 65 488 
16 66 275 
16 67 593 
16 68 585 
16 69 520 
16 70 159 
16 71 439 
16 72 601 
16 73 279 
16 74 386 
16 75 663 
16 76 703 
16 77 907 
16 78 534 
16 79 871 
16 80 125 
16 81 554 
16 82 656 
16 83 781 
16 84 272 
16 85 712 
16 86 539 
16 87 687 
16 88 888 
16 89 870 
16 90 650 
16 91 68 
16 92 422 
16 93 740 
16 94 919 
16 95 914 
16 96 882 
16 97 403 
16 98 381 
16 99 142 
16 100 600 
17 18 637 
17 19 513 
17 20 188 
17 21 996 
17 22 171 
17 23 978 
17 24 578 
17 25 306 
17 26 700 
17 27 510 
17 28 780 
17 29 844 
17 30 914 
17 31 472 
17 32 266 
17 33 773 
17 34 780 
17 35 118 
17 36 230 
17 37 367 
17 38 828 
17 39 721 
17 40 923 
17 41 919 
17 42 737 
17 43 991 
17 44 675 
17 45 774 
17 46 259 
17 47 393 
17 48 812 
17 49 871 
17 50 884 
17 51 216 
17 52 631 
17 53 412 
17 54 745 
17 55 727 
17 56 221 
17 57 375 
17 58 925 
17 59 363 
17 60 402 
17 61 581 
17 62 529 
17 63 863 
17 64 247 
17 65 442 
17 66 216 
17 67 927 
17 68 960 
17 69 573 
17 70 218 
17 71 914 
17 72 238 
17 73 521 
17 74 483 
17 75 179 
17 76 759 
17 77 712 
17 78 781 
17 79 671 
17 80 445 
17 81 696 
17 82 724 
17 83 501 
17 84 177 
17 85 130 
17 86 127 
17 87 152 
17 88 577 
17 89 373 
17 90 393 
17 91 598 
17 92 169 
17 93 515 
17 94 549 
17 95 871 
17 96 165 
17 97 292 
17 98 995 
17 99 724 
17 100 381 
18 19 947 
18 20 668 
18 21 788 
18 22 252 
18 23 229 
18 24 273 
18 25 622 
18 26 696 
18 27 743 
18 28 922 
18 29 812 
18 30 583 
18 31 985 
18 32 656 
18 33 278 
18 34 941 
18 35 985 
18 36 660 
18 37 624 
18 38 626 
18 39 206 
18 40 191 
18 41 673 
18 42 312 
18 43 466 
18 44 455 
18 45 792 
18 46 223 
18 47 421 
18 48 970 
18 49 876 
18 50 623 
18 51 279 
18 52 399 
18 53 754 
18 54 347 
18 55 796 
18 56 124 
18 57 153 
18 58 934 
18 59 949 
18 60 532 
18 61 513 
18 62 735 
18 63 215 
18 64 498 
18 65 539 
18 66 457 
18 67 449 
18 68 971 
18 69 540 
18 70 876 
18 71 911 
18 72 320 
18 73 431 
18 74 606 
18 75 296 
18 76 141 
18 77 774 
18 78 450 
18 79 681 
18 80 872 
18 81 299 
18 82 850 
18 83 958 
18 84 955 
18 85 916 
18 86 293 
18 87 870 
18 88 751 
18 89 462 
18 90 735 
18 91 240 
18 92 599 
18 93 540 
18 94 963 
18 95 826 
18 96 680 
18 97 632 
18 98 571 
18 99 162 
18 100 991 
19 20 659 
19 21 929 
19 22 688 
19 23 830 
19 24 985 
19 25 854 
19 26 954 
19 27 804 
19 28 258 
19 29 212 
19 30 599 
19 31 268 
19 32 312 
19 33 254 
19 34 635 
19 35 489 
19 36 181 
19 37 821 
19 38 553 
19 39 325 
19 40 144 
19 41 117 
19 42 555 
19 43 182 
19 44 301 
19 45 993 
19 46 644 
19 47 391 
19 48 370 
19 49 490 
19 50 342 
19 51 171 
19 52 709 
19 53 297 
19 54 489 
19 55 768 
19 56 514 
19 57 398 
19 58 758 
19 59 978 
19 60 561 
19 61 160 
19 62 264 
19 63 875 
19 64 596 
19 65 563 
19 66 722 
19 67 237 
19 68 874 
19 69 384 
19 70 188 
19 71 547 
19 72 844 
19 73 905 
19 74 878 
19 75 202 
19 76 515 
19 77 296 
19 78 810 
19 79 480 
19 80 836 
19 81 743 
19 82 197 
19 83 803 
19 84 998 
19 85 660 
19 86 937 
19 87 117 
19 88 410 
19 89 715 
19 90 976 
19 91 174 
19 92 188 
19 93 850 
19 94 896 
19 95 333 
19 96 403 
19 97 538 
19 98 889 
19 99 230 
19 100 563 
20 21 494 
20 22 841 
20 23 736 
20 24 869 
20 25 181 
20 26 798 
20 27 137 
20 28 465 
20 29 836 
20 30 842 
20 31 635 
20 32 827 
20 33 994 
20 34 427 
20 35 494 
20 36 802 
20 37 857 
20 38 712 
20 39 690 
20 40 343 
20 41 881 
20 42 165 
20 43 582 
20 44 331 
20 45 884 
20 46 719 
20 47 861 
20 48 257 
20 49 589 
20 50 520 
20 51 747 
20 52 798 
20 53 388 
20 54 990 
20 55 180 
20 56 201 
20 57 392 
20 58 587 
20 59 117 
20 60 259 
20 61 521 
20 62 502 
20 63 510 
20 64 815 
20 65 938 
20 66 150 
20 67 742 
20 68 873 
20 69 360 
20 70 191 
20 71 382 
20 72 930 
20 73 163 
20 74 396 
20 75 193 
20 76 824 
20 77 712 
20 78 140 
20 79 356 
20 80 901 
20 81 423 
20 82 980 
20 83 459 
20 84 476 
20 85 260 
20 86 402 
20 87 238 
20 88 580 
20 89 129 
20 90 477 
20 91 603 
20 92 184 
20 93 727 
20 94 517 
20 95 938 
20 96 763 
20 97 539 
20 98 144 
20 99 461 
20 100 601 
21 22 975 
21 23 312 
21 24 940 
21 25 826 
21 26 927 
21 27 867 
21 28 402 
21 29 304 
21 30 448 
21 31 855 
21 32 729 
21 33 630 
21 34 745 
21 35 837 
21 36 631 
21 37 860 
21 38 534 
21 39 461 
21 40 697 
21 41 485 
21 42 522 
21 43 655 
21 44 365 
21 45 385 
21 46 873 
21 47 885 
21 48 293 
21 49 857 
21 50 275 
21 51 331 
21 52 196 
21 53 286 
21 54 289 
21 55 801 
21 56 517 
21 57 764 
21 58 716 
21 59 328 
21 60 348 
21 61 988 
21 62 435 
21 63 192 
21 64 377 
21 65 303 
21 66 997 
21 67 319 
21 68 919 
21 69 397 
21 70 733 
21 71 121 
21 72 990 
21 73 721 
21 74 783 
21 75 861 
21 76 690 
21 77 376 
21 78 285 
21 79 631 
21 80 154 
21 81 446 
21 82 732 
21 83 675 
21 84 898 
21 85 976 
21 86 727 
21 87 893 
21 88 955 
21 89 730 
21 90 416 
21 91 237 
21 92 470 
21 93 173 
21 94 197 
21 95 248 
21 96 740 
21 97 597 
21 98 159 
21 99 741 
21 100 906 
22 23 467 
22 24 686 
22 25 681 
22 26 1000 
22 27 856 
22 28 884 
22 29 550 
22 30 444 
22 31 416 
22 32 785 
22 33 231 
22 34 771 
22 35 885 
22 36 178 
22 37 852 
22 38 700 
22 39 415 
22 40 662 
22 41 954 
22 42 343 
22 43 116 
22 44 860 
22 45 634 
22 46 326 
22 47 192 
22 48 699 
22 49 771 
22 50 475 
22 51 142 
22 52 802 
22 53 463 
22 54 668 
22 55 684 
22 56 540 
22 57 684 
22 58 984 
22 59 919 
22 60 821 
22 61 588 
22 62 279 
22 63 784 
22 64 702 
22 65 567 
22 66 822 
22 67 346 
22 68 872 
22 69 736 
22 70 487 
22 71 818 
22 72 311 
22 73 134 
22 74 376 
22 75 236 
22 76 160 
22 77 950 
22 78 615 
22 79 725 
22 80 304 
22 81 213 
22 82 956 
22 83 782 
22 84 589 
22 85 878 
22 86 609 
22 87 682 
22 88 344 
22 89 613 
22 90 355 
22 91 595 
22 92 297 
22 93 507 
22 94 373 
22 95 400 
22 96 378 
22 97 412 
22 98 251 
22 99 460 
22 100 654 
23 24 242 
23 25 429 
23 26 532 
23 27 284 
23 28 656 
23 29 695 
23 30 764 
23 31 337 
23 32 814 
23 33 667 
23 34 984 
23 35 764 
23 36 179 
23 37 206 
23 38 696 
23 39 768 
23 40 986 
23 41 176 
23 42 922 
23 43 944 
23 44 870 
23 45 922 
23 46 678 
23 47 660 
23 48 764 
23 49 424 
23 50 710 
23 51 705 
23 52 398 
23 53 504 
23 54 569 
23 55 787 
23 56 617 
23 57 782 
23 58 270 
23 59 855 
23 60 854 
23 61 259 
23 62 620 
23 63 609 
23 64 946 
23 65 709 
23 66 926 
23 67 173 
23 68 652 
23 69 909 
23 70 227 
23 71 1000 
23 72 315 
23 73 920 
23 74 588 
23 75 666 
23 76 235 
23 77 899 
23 78 239 
23 79 454 
23 80 399 
23 81 541 
23 82 749 
23 83 867 
23 84 993 
23 85 404 
23 86 234 
23 87 621 
23 88 232 
23 89 919 
23 90 438 
23 91 423 
23 92 762 
23 93 343 
23 94 969 
23 95 463 
23 96 890 
23 97 329 
23 98 932 
23 99 581 
23 100 642 
24 25 134 
24 26 827 
24 27 163 
24 28 612 
24 29 442 
24 30 904 
24 31 411 
24 32 638 
24 33 413 
24 34 351 
24 35 760 
24 36 674 
24 37 115 
24 38 948 
24 39 598 
24 40 398 
24 41 200 
24 42 856 
24 43 989 
24 44 247 
24 45 464 
24 46 570 
24 47 452 
24 48 409 
24 49 730 
24 50 282 
24 51 631 
24 52 228 
24 53 418 
24 54 510 
24 55 138 
24 56 937 
24 57 498 
24 58 445 
24 59 319 
24 60 427 
24 61 713 
24 62 117 
24 63 585 
24 64 613 
24 65 120 
24 66 526 
24 67 580 
24 68 948 
24 69 969 
24 70 620 
24 71 593 
24 72 773 
24 73 752 
24 74 657 
24 75 813 
24 76 404 
24 77 668 
24 78 621 
24 79 287 
24 80 228 
24 81 687 
24 82 892 
24 83 817 
24 84 199 
24 85 255 
24 86 641 
24 87 625 
24 88 461 
24 89 542 
24 90 974 
24 91 240 
24 92 695 
24 93 157 
24 94 782 
24 95 930 
24 96 711 
24 97 888 
24 98 333 
24 99 161 
24 100 211 
25 26 971 
25 27 312 
25 28 887 
25 29 800 
25 30 303 
25 31 424 
25 32 981 
25 33 322 
25 34 522 
25 35 242 
25 36 393 
25 37 889 
25 38 741 
25 39 497 
25 40 999 
25 41 460 
25 42 988 
25 43 222 
25 44 493 
25 45 968 
25 46 147 
25 47 642 
25 48 506 
25 49 444 
25 50 116 
25 51 697 
25 52 532 
25 53 834 
25 54 478 
25 55 778 
25 56 746 
25 57 407 
25 58 424 
25 59 992 
25 60 610 
25 61 936 
25 62 861 
25 63 762 
25 64 146 
25 65 545 
25 66 159 
25 67 880 
25 68 578 
25 69 798 
25 70 254 
25 71 574 
25 72 775 
25 73 545 
25 74 780 
25 75 513 
25 76 524 
25 77 407 
25 78 781 
25 79 728 
25 80 835 
25 81 120 
25 82 158 
25 83 186 
25 84 807 
25 85 720 
25 86 177 
25 87 250 
25 88 535 
25 89 117 
25 90 689 
25 91 652 
25 92 257 
25 93 990 
25 94 196 
25 95 957 
25 96 387 
25 97 769 
25 98 932 
25 99 684 
25 100 714 
26 27 539 
26 28 417 
26 29 718 
26 30 744 
26 31 592 
26 32 147 
26 33 850 
26 34 843 
26 35 121 
26 36 805 
26 37 953 
26 38 487 
26 39 122 
26 40 996 
26 41 156 
26 42 897 
26 43 185 
26 44 511 
26 45 438 
26 46 503 
26 47 631 
26 48 547 
26 49 133 
26 50 148 
26 51 118 
26 52 415 
26 53 838 
26 54 248 
26 55 401 
26 56 561 
26 57 652 
26 58 502 
26 59 536 
26 60 121 
26 61 905 
26 62 966 
26 63 373 
26 64 906 
26 65 262 
26 66 752 
26 67 238 
26 68 731 
26 69 367 
26 70 691 
26 71 808 
26 72 190 
26 73 320 
26 74 574 
26 75 662 
26 76 761 
26 77 496 
26 78 926 
26 79 608 
26 80 565 
26 81 214 
26 82 833 
26 83 876 
26 84 273 
26 85 457 
26 86 812 
26 87 830 
26 88 335 
26 89 990 
26 90 762 
26 91 399 
26 92 653 
26 93 441 
26 94 316 
26 95 669 
26 96 433 
26 97 306 
26 98 269 
26 99 236 
26 100 956 
27 28 748 
27 29 441 
27 30 308 
27 31 812 
27 32 407 
27 33 491 
27 34 262 
27 35 417 
27 36 771 
27 37 327 
27 38 360 
27 39 833 
27 40 235 
27 41 584 
27 42 716 
27 43 920 
27 44 809 
27 45 923 
27 46 648 
27 47 740 
27 48 627 
27 49 603 
27 50 300 
27 51 272 
27 52 307 
27 53 930 
27 54 436 
27 55 805 
27 56 289 
27 57 208 
27 58 724 
27 59 470 
27 60 695 
27 61 698 
27 62 189 
27 63 358 
27 64 246 
27 65 316 
27 66 169 
27 67 472 
27 68 372 
27 69 334 
27 70 807 
27 71 236 
27 72 847 
27 73 411 
27 74 166 
27 75 805 
27 76 607 
27 77 667 
27 78 268 
27 79 489 
27 80 210 
27 81 413 
27 82 816 
27 83 54 
27 84 523 
27 85 574 
27 86 525 
27 87 370 
27 88 221 
27 89 428 
27 90 319 
27 91 526 
27 92 657 
27 93 485 
27 94 913 
27 95 598 
27 96 217 
27 97 735 
27 98 433 
27 99 513 
27 100 512 
28 29 4 
28 30 60 
28 31 31 
28 32 76 
28 33 18 
28 34 72 
28 35 78 
28 36 1 
28 37 29 
28 38 8 
28 39 65 
28 40 82 
28 41 32 
28 42 5 
28 43 90 
28 44 573 
28 45 657 
28 46 558 
28 47 578 
28 48 455 
28 49 826 
28 50 154 
28 51 122 
28 52 397 
28 53 400 
28 54 869 
28 55 650 
28 56 403 
28 57 247 
28 58 256 
28 59 489 
28 60 560 
28 61 243 
28 62 232 
28 63 692 
28 64 471 
28 65 257 
28 66 166 
28 67 767 
28 68 937 
28 69 164 
28 70 344 
28 71 975 
28 72 848 
28 73 404 
28 74 288 
28 75 900 
28 76 760 
28 77 310 
28 78 769 
28 79 1000 
28 80 313 
28 81 224 
28 82 552 
28 83 973 
28 84 786 
28 85 668 
28 86 268 
28 87 762 
28 88 836 
28 89 227 
28 90 889 
28 91 192 
28 92 774 
28 93 930 
28 94 792 
28 95 999 
28 96 750 
28 97 962 
28 98 163 
28 99 335 
28 100 260 
29 30 303 
29 31 220 
29 32 555 
29 33 546 
29 34 749 
29 35 591 
29 36 427 
29 37 541 
29 38 677 
29 39 531 
29 40 166 
29 41 154 
29 42 631 
29 43 262 
29 44 415 
29 45 981 
29 46 993 
29 47 123 
29 48 936 
29 49 670 
29 50 705 
29 51 775 
29 52 755 
29 53 247 
29 54 952 
29 55 675 
29 56 578 
29 57 886 
29 58 527 
29 59 953 
29 60 649 
29 61 280 
29 62 867 
29 63 889 
29 64 367 
29 65 134 
29 66 924 
29 67 490 
29 68 603 
29 69 636 
29 70 908 
29 71 184 
29 72 551 
29 73 621 
29 74 740 
29 75 688 
29 76 484 
29 77 412 
29 78 439 
29 79 271 
29 80 402 
29 81 865 
29 82 807 
29 83 643 
29 84 353 
29 85 333 
29 86 724 
29 87 564 
29 88 654 
29 89 600 
29 90 187 
29 91 138 
29 92 777 
29 93 373 
29 94 207 
29 95 386 
29 96 536 
29 97 175 
29 98 615 
29 99 835 
29 100 318 
30 31 363 
30 32 501 
30 33 676 
30 34 186 
30 35 270 
30 36 688 
30 37 970 
30 38 434 
30 39 343 
30 40 768 
30 41 664 
30 42 987 
30 43 135 
30 44 778 
30 45 407 
30 46 529 
30 47 663 
30 48 126 
30 49 938 
30 50 517 
30 51 520 
30 52 440 
30 53 173 
30 54 158 
30 55 296 
30 56 663 
30 57 344 
30 58 949 
30 59 363 
30 60 466 
30 61 771 
30 62 447 
30 63 880 
30 64 441 
30 65 320 
30 66 347 
30 67 749 
30 68 683 
30 69 485 
30 70 295 
30 71 480 
30 72 371 
30 73 730 
30 74 237 
30 75 444 
30 76 934 
30 77 549 
30 78 444 
30 79 524 
30 80 357 
30 81 941 
30 82 433 
30 83 239 
30 84 796 
30 85 515 
30 86 626 
30 87 918 
30 88 642 
30 89 652 
30 90 613 
30 91 486 
30 92 784 
30 93 170 
30 94 866 
30 95 735 
30 96 202 
30 97 138 
30 98 620 
30 99 163 
30 100 593 
31 32 228 
31 33 794 
31 34 185 
31 35 582 
31 36 498 
31 37 559 
31 38 217 
31 39 362 
31 40 736 
31 41 685 
31 42 716 
31 43 864 
31 44 481 
31 45 519 
31 46 664 
31 47 999 
31 48 537 
31 49 990 
31 50 333 
31 51 276 
31 52 590 
31 53 725 
31 54 1000 
31 55 329 
31 56 925 
31 57 768 
31 58 634 
31 59 824 
31 60 866 
31 61 594 
31 62 763 
31 63 358 
31 64 541 
31 65 115 
31 66 168 
31 67 980 
31 68 360 
31 69 889 
31 70 969 
31 71 321 
31 72 472 
31 73 995 
31 74 640 
31 75 639 
31 76 392 
31 77 732 
31 78 777 
31 79 453 
31 80 504 
31 81 833 
31 82 576 
31 83 373 
31 84 286 
31 85 550 
31 86 195 
31 87 596 
31 88 717 
31 89 286 
31 90 616 
31 91 947 
31 92 205 
31 93 275 
31 94 932 
31 95 306 
31 96 230 
31 97 859 
31 98 795 
31 99 282 
31 100 260 
32 33 496 
32 34 514 
32 35 361 
32 36 715 
32 37 115 
32 38 971 
32 39 964 
32 40 984 
32 41 961 
32 42 143 
32 43 413 
32 44 187 
32 45 515 
32 46 344 
32 47 231 
32 48 876 
32 49 329 
32 50 583 
32 51 398 
32 52 623 
32 53 651 
32 54 776 
32 55 857 
32 56 421 
32 57 240 
32 58 367 
32 59 270 
32 60 604 
32 61 902 
32 62 146 
32 63 309 
32 64 181 
32 65 353 
32 66 805 
32 67 420 
32 68 559 
32 69 554 
32 70 337 
32 71 401 
32 72 173 
32 73 693 
32 74 855 
32 75 180 
32 76 167 
32 77 770 
32 78 333 
32 79 794 
32 80 461 
32 81 636 
32 82 165 
32 83 803 
32 84 507 
32 85 150 
32 86 541 
32 87 868 
32 88 910 
32 89 590 
32 90 724 
32 91 312 
32 92 705 
32 93 677 
32 94 481 
32 95 240 
32 96 465 
32 97 553 
32 98 825 
32 99 832 
32 100 149 
33 34 420 
33 35 741 
33 36 692 
33 37 853 
33 38 964 
33 39 249 
33 40 576 
33 41 457 
33 42 433 
33 43 244 
33 44 364 
33 45 979 
33 46 758 
33 47 680 
33 48 355 
33 49 875 
33 50 272 
33 51 285 
33 52 998 
33 53 617 
33 54 380 
33 55 683 
33 56 725 
33 57 543 
33 58 259 
33 59 318 
33 60 169 
33 61 120 
33 62 709 
33 63 460 
33 64 215 
33 65 434 
33 66 702 
33 67 525 
33 68 454 
33 69 855 
33 70 874 
33 71 694 
33 72 634 
33 73 822 
33 74 334 
33 75 486 
33 76 507 
33 77 608 
33 78 636 
33 79 731 
33 80 743 
33 81 449 
33 82 452 
33 83 197 
33 84 241 
33 85 144 
33 86 697 
33 87 801 
33 88 411 
33 89 692 
33 90 501 
33 91 419 
33 92 787 
33 93 859 
33 94 119 
33 95 749 
33 96 415 
33 97 258 
33 98 493 
33 99 917 
33 100 840 
34 35 154 
34 36 582 
34 37 695 
34 38 910 
34 39 702 
34 40 620 
34 41 311 
34 42 146 
34 43 473 
34 44 705 
34 45 718 
34 46 246 
34 47 299 
34 48 495 
34 49 931 
34 50 288 
34 51 456 
34 52 692 
34 53 361 
34 54 609 
34 55 835 
34 56 360 
34 57 630 
34 58 871 
34 59 146 
34 60 274 
34 61 968 
34 62 834 
34 63 647 
34 64 716 
34 65 859 
34 66 196 
34 67 540 
34 68 740 
34 69 554 
34 70 896 
34 71 263 
34 72 274 
34 73 404 
34 74 581 
34 75 121 
34 76 840 
34 77 410 
34 78 282 
34 79 679 
34 80 983 
34 81 283 
34 82 757 
34 83 449 
34 84 982 
34 85 523 
34 86 359 
34 87 407 
34 88 946 
34 89 534 
34 90 517 
34 91 500 
34 92 568 
34 93 814 
34 94 217 
34 95 521 
34 96 156 
34 97 970 
34 98 621 
34 99 851 
34 100 553 
35 36 995 
35 37 314 
35 38 639 
35 39 268 
35 40 459 
35 41 467 
35 42 752 
35 43 116 
35 44 324 
35 45 480 
35 46 631 
35 47 929 
35 48 235 
35 49 239 
35 50 841 
35 51 652 
35 52 684 
35 53 792 
35 54 460 
35 55 586 
35 56 822 
35 57 500 
35 58 187 
35 59 240 
35 60 166 
35 61 532 
35 62 983 
35 63 560 
35 64 470 
35 65 761 
35 66 122 
35 67 526 
35 68 655 
35 69 734 
35 70 697 
35 71 164 
35 72 385 
35 73 833 
35 74 210 
35 75 122 
35 76 994 
35 77 536 
35 78 486 
35 79 120 
35 80 644 
35 81 913 
35 82 605 
35 83 414 
35 84 665 
35 85 116 
35 86 668 
35 87 648 
35 88 223 
35 89 488 
35 90 751 
35 91 398 
35 92 780 
35 93 983 
35 94 541 
35 95 809 
35 96 741 
35 97 666 
35 98 501 
35 99 687 
35 100 699 
36 37 719 
36 38 190 
36 39 142 
36 40 641 
36 41 959 
36 42 500 
36 43 353 
36 44 706 
36 45 376 
36 46 817 
36 47 335 
36 48 372 
36 49 215 
36 50 371 
36 51 827 
36 52 304 
36 53 488 
36 54 945 
36 55 281 
36 56 435 
36 57 825 
36 58 211 
36 59 541 
36 60 869 
36 61 600 
36 62 213 
36 63 237 
36 64 956 
36 65 818 
36 66 372 
36 67 588 
36 68 528 
36 69 117 
36 70 406 
36 71 590 
36 72 525 
36 73 553 
36 74 268 
36 75 713 
36 76 999 
36 77 318 
36 78 412 
36 79 891 
36 80 767 
36 81 783 
36 82 646 
36 83 594 
36 84 912 
36 85 898 
36 86 314 
36 87 221 
36 88 302 
36 89 183 
36 90 509 
36 91 982 
36 92 284 
36 93 989 
36 94 526 
36 95 655 
36 96 268 
36 97 513 
36 98 908 
36 99 512 
36 100 533 
37 38 459 
37 39 851 
37 40 325 
37 41 772 
37 42 406 
37 43 544 
37 44 795 
37 45 762 
37 46 182 
37 47 649 
37 48 993 
37 49 968 
37 50 674 
37 51 192 
37 52 532 
37 53 502 
37 54 565 
37 55 220 
37 56 767 
37 57 505 
37 58 255 
37 59 146 
37 60 587 
37 61 187 
37 62 750 
37 63 469 
37 64 764 
37 65 557 
37 66 127 
37 67 971 
37 68 269 
37 69 232 
37 70 432 
37 71 219 
37 72 721 
37 73 394 
37 74 285 
37 75 617 
37 76 599 
37 77 923 
37 78 908 
37 79 959 
37 80 944 
37 81 660 
37 82 643 
37 83 807 
37 84 492 
37 85 826 
37 86 883 
37 87 489 
37 88 970 
37 89 167 
37 90 661 
37 91 976 
37 92 820 
37 93 544 
37 94 655 
37 95 806 
37 96 205 
37 97 766 
37 98 629 
37 99 355 
37 100 402 
38 39 779 
38 40 736 
38 41 925 
38 42 693 
38 43 402 
38 44 386 
38 45 863 
38 46 701 
38 47 485 
38 48 996 
38 49 124 
38 50 206 
38 51 637 
38 52 984 
38 53 116 
38 54 335 
38 55 660 
38 56 802 
38 57 135 
38 58 497 
38 59 572 
38 60 560 
38 61 121 
38 62 478 
38 63 610 
38 64 815 
38 65 117 
38 66 203 
38 67 384 
38 68 187 
38 69 507 
38 70 978 
38 71 351 
38 72 193 
38 73 362 
38 74 821 
38 75 977 
38 76 936 
38 77 486 
38 78 796 
38 79 413 
38 80 227 
38 81 888 
38 82 960 
38 83 860 
38 84 242 
38 85 557 
38 86 494 
38 87 253 
38 88 558 
38 89 192 
38 90 113 
38 91 957 
38 92 515 
38 93 644 
38 94 393 
38 95 792 
38 96 360 
38 97 133 
38 98 495 
38 99 333 
38 100 554 
39 40 809 
39 41 371 
39 42 219 
39 43 287 
39 44 857 
39 45 437 
39 46 901 
39 47 571 
39 48 667 
39 49 503 
39 50 879 
39 51 557 
39 52 330 
39 53 984 
39 54 622 
39 55 549 
39 56 560 
39 57 601 
39 58 440 
39 59 451 
39 60 803 
39 61 632 
39 62 215 
39 63 310 
39 64 631 
39 65 512 
39 66 299 
39 67 347 
39 68 398 
39 69 460 
39 70 944 
39 71 193 
39 72 278 
39 73 117 
39 74 781 
39 75 786 
39 76 207 
39 77 948 
39 78 955 
39 79 867 
39 80 360 
39 81 340 
39 82 292 
39 83 447 
39 84 378 
39 85 773 
39 86 163 
39 87 909 
39 88 860 
39 89 621 
39 90 858 
39 91 611 
39 92 406 
39 93 409 
39 94 856 
39 95 805 
39 96 552 
39 97 872 
39 98 302 
39 99 687 
39 100 454 
40 41 983 
40 42 748 
40 43 754 
40 44 716 
40 45 792 
40 46 348 
40 47 639 
40 48 165 
40 49 163 
40 50 766 
40 51 758 
40 52 985 
40 53 348 
40 54 317 
40 55 692 
40 56 696 
40 57 305 
40 58 429 
40 59 516 
40 60 123 
40 61 282 
40 62 113 
40 63 342 
40 64 677 
40 65 515 
40 66 431 
40 67 788 
40 68 187 
40 69 626 
40 70 127 
40 71 796 
40 72 245 
40 73 649 
40 74 841 
40 75 431 
40 76 327 
40 77 874 
40 78 325 
40 79 239 
40 80 382 
40 81 636 
40 82 990 
40 83 662 
40 84 521 
40 85 413 
40 86 370 
40 87 377 
40 88 457 
40 89 335 
40 90 319 
40 91 776 
40 92 293 
40 93 370 
40 94 222 
40 95 961 
40 96 859 
40 97 129 
40 98 111 
40 99 123 
40 100 811 
41 42 959 
41 43 656 
41 44 802 
41 45 684 
41 46 762 
41 47 597 
41 48 605 
41 49 828 
41 50 466 
41 51 516 
41 52 368 
41 53 911 
41 54 841 
41 55 802 
41 56 621 
41 57 867 
41 58 508 
41 59 936 
41 60 921 
41 61 855 
41 62 774 
41 63 572 
41 64 615 
41 65 113 
41 66 308 
41 67 960 
41 68 616 
41 69 922 
41 70 580 
41 71 962 
41 72 890 
41 73 337 
41 74 230 
41 75 764 
41 76 419 
41 77 900 
41 78 733 
41 79 823 
41 80 257 
41 81 335 
41 82 974 
41 83 823 
41 84 261 
41 85 263 
41 86 513 
41 87 975 
41 88 461 
41 89 239 
41 90 777 
41 91 254 
41 92 248 
41 93 251 
41 94 530 
41 95 851 
41 96 280 
41 97 874 
41 98 653 
41 99 173 
41 100 355 
42 43 915 
42 44 577 
42 45 467 
42 46 581 
42 47 843 
42 48 934 
42 49 560 
42 50 235 
42 51 829 
42 52 343 
42 53 606 
42 54 901 
42 55 642 
42 56 657 
42 57 599 
42 58 1000 
42 59 508 
42 60 730 
42 61 397 
42 62 683 
42 63 613 
42 64 563 
42 65 706 
42 66 399 
42 67 641 
42 68 988 
42 69 555 
42 70 939 
42 71 180 
42 72 358 
42 73 744 
42 74 890 
42 75 721 
42 76 169 
42 77 295 
42 78 117 
42 79 319 
42 80 474 
42 81 42 
42 82 412 
42 83 181 
42 84 567 
42 85 879 
42 86 869 
42 87 684 
42 88 508 
42 89 451 
42 90 187 
42 91 823 
42 92 800 
42 93 273 
42 94 845 
42 95 281 
42 96 685 
42 97 833 
42 98 808 
42 99 975 
42 100 463 
43 44 262 
43 45 678 
43 46 953 
43 47 855 
43 48 238 
43 49 233 
43 50 169 
43 51 463 
43 52 265 
43 53 392 
43 54 608 
43 55 596 
43 56 388 
43 57 705 
43 58 417 
43 59 854 
43 60 600 
43 61 249 
43 62 854 
43 63 183 
43 64 488 
43 65 836 
43 66 544 
43 67 453 
43 68 801 
43 69 921 
43 70 944 
43 71 890 
43 72 460 
43 73 873 
43 74 752 
43 75 738 
43 76 559 
43 77 734 
43 78 167 
43 79 741 
43 80 959 
43 81 747 
43 82 578 
43 83 507 
43 84 606 
43 85 520 
43 86 764 
43 87 80 
43 88 628 
43 89 443 
43 90 468 
43 91 281 
43 92 487 
43 93 889 
43 94 838 
43 95 179 
43 96 687 
43 97 751 
43 98 983 
43 99 803 
43 100 478 
44 45 78 
44 46 54 
44 47 0 
44 48 61 
44 49 76 
44 50 80 
44 51 1 
44 52 67 
44 53 40 
44 54 52 
44 55 89 
44 56 867 
44 57 170 
44 58 667 
44 59 726 
44 60 507 
44 61 748 
44 62 681 
44 63 544 
44 64 413 
44 65 376 
44 66 399 
44 67 796 
44 68 926 
44 69 287 
44 70 525 
44 71 325 
44 72 820 
44 73 174 
44 74 375 
44 75 543 
44 76 492 
44 77 527 
44 78 717 
44 79 605 
44 80 263 
44 81 984 
44 82 367 
44 83 405 
44 84 901 
44 85 376 
44 86 203 
44 87 830 
44 88 608 
44 89 871 
44 90 99 
44 91 712 
44 92 219 
44 93 12 
44 94 670 
44 95 862 
44 96 648 
44 97 251 
44 98 50 
44 99 187 
44 100 773 
45 46 335 
45 47 558 
45 48 738 
45 49 511 
45 50 186 
45 51 355 
45 52 908 
45 53 285 
45 54 877 
45 55 828 
45 56 236 
45 57 349 
45 58 795 
45 59 646 
45 60 200 
45 61 548 
45 62 808 
45 63 756 
45 64 288 
45 65 237 
45 66 898 
45 67 977 
45 68 777 
45 69 664 
45 70 909 
45 71 158 
45 72 816 
45 73 774 
45 74 445 
45 75 308 
45 76 614 
45 77 643 
45 78 473 
45 79 733 
45 80 273 
45 81 586 
45 82 856 
45 83 550 
45 84 917 
45 85 626 
45 86 578 
45 87 633 
45 88 838 
45 89 877 
45 90 463 
45 91 774 
45 92 205 
45 93 665 
45 94 596 
45 95 604 
45 96 290 
45 97 76 
45 98 187 
45 99 657 
45 100 465 
46 47 555 
46 48 324 
46 49 147 
46 50 319 
46 51 574 
46 52 464 
46 53 984 
46 54 432 
46 55 534 
46 56 865 
46 57 121 
46 58 936 
46 59 951 
46 60 266 
46 61 179 
46 62 375 
46 63 944 
46 64 788 
46 65 484 
46 66 522 
46 67 153 
46 68 401 
46 69 141 
46 70 503 
46 71 233 
46 72 747 
46 73 147 
46 74 393 
46 75 350 
46 76 675 
46 77 311 
46 78 780 
46 79 790 
46 80 279 
46 81 661 
46 82 355 
46 83 635 
46 84 658 
46 85 333 
46 86 985 
46 87 292 
46 88 598 
46 89 398 
46 90 172 
46 91 969 
46 92 450 
46 93 233 
46 94 181 
46 95 242 
46 96 257 
46 97 901 
46 98 288 
46 99 654 
46 100 302 
47 48 237 
47 49 639 
47 50 937 
47 51 749 
47 52 228 
47 53 116 
47 54 648 
47 55 873 
47 56 600 
47 57 331 
47 58 195 
47 59 124 
47 60 503 
47 61 440 
47 62 483 
47 63 885 
47 64 753 
47 65 385 
47 66 200 
47 67 838 
47 68 508 
47 69 314 
47 70 386 
47 71 443 
47 72 174 
47 73 964 
47 74 784 
47 75 519 
47 76 624 
47 77 570 
47 78 291 
47 79 930 
47 80 337 
47 81 773 
47 82 588 
47 83 362 
47 84 989 
47 85 695 
47 86 401 
47 87 212 
47 88 468 
47 89 517 
47 90 765 
47 91 566 
47 92 426 
47 93 870 
47 94 416 
47 95 370 
47 96 936 
47 97 446 
47 98 859 
47 99 454 
47 100 412 
48 49 766 
48 50 892 
48 51 129 
48 52 760 
48 53 887 
48 54 139 
48 55 771 
48 56 421 
48 57 507 
48 58 745 
48 59 544 
48 60 418 
48 61 896 
48 62 501 
48 63 710 
48 64 421 
48 65 420 
48 66 774 
48 67 327 
48 68 549 
48 69 873 
48 70 823 
48 71 184 
48 72 886 
48 73 520 
48 74 340 
48 75 863 
48 76 367 
48 77 956 
48 78 735 
48 79 721 
48 80 500 
48 81 484 
48 82 137 
48 83 707 
48 84 313 
48 85 454 
48 86 699 
48 87 998 
48 88 598 
48 89 170 
48 90 223 
48 91 501 
48 92 528 
48 93 188 
48 94 743 
48 95 304 
48 96 183 
48 97 451 
48 98 838 
48 99 362 
48 100 247 
49 50 774 
49 51 276 
49 52 692 
49 53 587 
49 54 974 
49 55 975 
49 56 247 
49 57 865 
49 58 812 
49 59 689 
49 60 949 
49 61 465 
49 62 405 
49 63 956 
49 64 560 
49 65 941 
49 66 251 
49 67 293 
49 68 838 
49 69 765 
49 70 714 
49 71 178 
49 72 715 
49 73 376 
49 74 659 
49 75 621 
49 76 386 
49 77 185 
49 78 449 
49 79 478 
49 80 934 
49 81 980 
49 82 557 
49 83 213 
49 84 784 
49 85 607 
49 86 861 
49 87 944 
49 88 713 
49 89 922 
49 90 929 
49 91 172 
49 92 505 
49 93 755 
49 94 612 
49 95 933 
49 96 438 
49 97 373 
49 98 859 
49 99 195 
49 100 552 
50 51 960 
50 52 180 
50 53 451 
50 54 311 
50 55 791 
50 56 514 
50 57 136 
50 58 957 
50 59 361 
50 60 596 
50 61 803 
50 62 252 
50 63 832 
50 64 399 
50 65 637 
50 66 995 
50 67 272 
50 68 787 
50 69 497 
50 70 423 
50 71 874 
50 72 117 
50 73 303 
50 74 272 
50 75 793 
50 76 174 
50 77 493 
50 78 942 
50 79 776 
50 80 834 
50 81 269 
50 82 219 
50 83 687 
50 84 693 
50 85 649 
50 86 211 
50 87 326 
50 88 461 
50 89 228 
50 90 140 
50 91 514 
50 92 792 
50 93 338 
50 94 264 
50 95 790 
50 96 555 
50 97 549 
50 98 784 
50 99 554 
50 100 348 
51 52 297 
51 53 954 
51 54 887 
51 55 824 
51 56 629 
51 57 948 
51 58 437 
51 59 709 
51 60 309 
51 61 755 
51 62 660 
51 63 510 
51 64 432 
51 65 541 
51 66 444 
51 67 368 
51 68 547 
51 69 868 
51 70 434 
51 71 158 
51 72 510 
51 73 885 
51 74 151 
51 75 973 
51 76 853 
51 77 507 
51 78 776 
51 79 548 
51 80 290 
51 81 640 
51 82 510 
51 83 955 
51 84 690 
51 85 344 
51 86 139 
51 87 318 
51 88 747 
51 89 619 
51 90 622 
51 91 311 
51 92 578 
51 93 757 
51 94 710 
51 95 623 
51 96 481 
51 97 256 
51 98 356 
51 99 191 
51 100 334 
52 53 813 
52 54 287 
52 55 794 
52 56 561 
52 57 863 
52 58 422 
52 59 949 
52 60 567 
52 61 700 
52 62 456 
52 63 16 
52 64 384 
52 65 332 
52 66 301 
52 67 360 
52 68 336 
52 69 652 
52 70 284 
52 71 469 
52 72 962 
52 73 300 
52 74 260 
52 75 208 
52 76 670 
52 77 613 
52 78 635 
52 79 788 
52 80 532 
52 81 590 
52 82 343 
52 83 655 
52 84 134 
52 85 771 
52 86 373 
52 87 746 
52 88 887 
52 89 252 
52 90 471 
52 91 728 
52 92 733 
52 93 456 
52 94 983 
52 95 212 
52 96 229 
52 97 548 
52 98 290 
52 99 997 
52 100 545 
53 54 952 
53 55 871 
53 56 465 
53 57 503 
53 58 760 
53 59 906 
53 60 752 
53 61 848 
53 62 706 
53 63 983 
53 64 744 
53 65 724 
53 66 979 
53 67 871 
53 68 146 
53 69 935 
53 70 928 
53 71 866 
53 72 880 
53 73 976 
53 74 876 
53 75 653 
53 76 173 
53 77 780 
53 78 288 
53 79 138 
53 80 494 
53 81 327 
53 82 129 
53 83 462 
53 84 914 
53 85 439 
53 86 499 
53 87 839 
53 88 808 
53 89 651 
53 90 250 
53 91 412 
53 92 848 
53 93 507 
53 94 268 
53 95 146 
53 96 172 
53 97 471 
53 98 539 
53 99 589 
53 100 895 
54 55 863 
54 56 208 
54 57 388 
54 58 551 
54 59 381 
54 60 944 
54 61 626 
54 62 397 
54 63 287 
54 64 734 
54 65 686 
54 66 526 
54 67 759 
54 68 986 
54 69 567 
54 70 981 
54 71 205 
54 72 319 
54 73 723 
54 74 302 
54 75 848 
54 76 499 
54 77 982 
54 78 732 
54 79 403 
54 80 901 
54 81 615 
54 82 271 
54 83 337 
54 84 800 
54 85 572 
54 86 57 
54 87 225 
54 88 569 
54 89 608 
54 90 695 
54 91 178 
54 92 446 
54 93 793 
54 94 723 
54 95 236 
54 96 674 
54 97 767 
54 98 960 
54 99 490 
54 100 792 
55 56 222 
55 57 171 
55 58 474 
55 59 958 
55 60 310 
55 61 426 
55 62 492 
55 63 938 
55 64 616 
55 65 182 
55 66 510 
55 67 438 
55 68 168 
55 69 610 
55 70 369 
55 71 236 
55 72 185 
55 73 334 
55 74 826 
55 75 905 
55 76 737 
55 77 893 
55 78 247 
55 79 406 
55 80 971 
55 81 278 
55 82 334 
55 83 891 
55 84 991 
55 85 927 
55 86 959 
55 87 986 
55 88 733 
55 89 515 
55 90 319 
55 91 619 
55 92 539 
55 93 762 
55 94 240 
55 95 278 
55 96 646 
55 97 492 
55 98 474 
55 99 226 
55 100 657 
56 57 14 
56 58 11 
56 59 78 
56 60 25 
56 61 87 
56 62 77 
56 63 93 
56 64 87 
56 65 71 
56 66 58 
56 67 11 
56 68 63 
56 69 94 
56 70 390 
56 71 507 
56 72 809 
56 73 158 
56 74 337 
56 75 965 
56 76 819 
56 77 180 
56 78 830 
56 79 908 
56 80 789 
56 81 133 
56 82 224 
56 83 149 
56 84 655 
56 85 802 
56 86 575 
56 87 231 
56 88 119 
56 89 124 
56 90 230 
56 91 252 
56 92 215 
56 93 758 
56 94 455 
56 95 660 
56 96 404 
56 97 684 
56 98 488 
56 99 866 
56 100 150 
57 58 191 
57 59 801 
57 60 632 
57 61 993 
57 62 125 
57 63 210 
57 64 234 
57 65 187 
57 66 150 
57 67 941 
57 68 761 
57 69 583 
57 70 136 
57 71 337 
57 72 785 
57 73 284 
57 74 897 
57 75 147 
57 76 391 
57 77 445 
57 78 255 
57 79 431 
57 80 768 
57 81 815 
57 82 970 
57 83 757 
57 84 507 
57 85 912 
57 86 143 
57 87 904 
57 88 982 
57 89 227 
57 90 887 
57 91 760 
57 92 63 
57 93 358 
57 94 614 
57 95 758 
57 96 290 
57 97 920 
57 98 380 
57 99 490 
57 100 139 
58 59 415 
58 60 231 
58 61 459 
58 62 774 
58 63 542 
58 64 786 
58 65 930 
58 66 800 
58 67 922 
58 68 495 
58 69 605 
58 70 190 
58 71 448 
58 72 128 
58 73 860 
58 74 350 
58 75 629 
58 76 259 
58 77 427 
58 78 592 
58 79 229 
58 80 914 
58 81 502 
58 82 988 
58 83 578 
58 84 466 
58 85 267 
58 86 484 
58 87 565 
58 88 458 
58 89 890 
58 90 351 
58 91 712 
58 92 575 
58 93 547 
58 94 296 
58 95 983 
58 96 452 
58 97 644 
58 98 710 
58 99 408 
58 100 817 
59 60 136 
59 61 737 
59 62 568 
59 63 753 
59 64 689 
59 65 358 
59 66 969 
59 67 624 
59 68 885 
59 69 406 
59 70 549 
59 71 927 
59 72 197 
59 73 681 
59 74 473 
59 75 693 
59 76 145 
59 77 518 
59 78 298 
59 79 979 
59 80 401 
59 81 203 
59 82 213 
59 83 193 
59 84 865 
59 85 229 
59 86 628 
59 87 202 
59 88 840 
59 89 258 
59 90 733 
59 91 585 
59 92 529 
59 93 530 
59 94 331 
59 95 312 
59 96 562 
59 97 791 
59 98 649 
59 99 701 
59 100 185 
60 61 364 
60 62 676 
60 63 638 
60 64 980 
60 65 674 
60 66 670 
60 67 386 
60 68 479 
60 69 900 
60 70 955 
60 71 756 
60 72 750 
60 73 685 
60 74 703 
60 75 894 
60 76 954 
60 77 339 
60 78 447 
60 79 185 
60 80 791 
60 81 570 
60 82 940 
60 83 424 
60 84 275 
60 85 677 
60 86 423 
60 87 915 
60 88 512 
60 89 223 
60 90 234 
60 91 642 
60 92 926 
60 93 303 
60 94 504 
60 95 782 
60 96 388 
60 97 766 
60 98 812 
60 99 977 
60 100 187 
61 62 418 
61 63 160 
61 64 422 
61 65 194 
61 66 296 
61 67 316 
61 68 116 
61 69 809 
61 70 773 
61 71 148 
61 72 181 
61 73 180 
61 74 281 
61 75 868 
61 76 473 
61 77 989 
61 78 802 
61 79 830 
61 80 664 
61 81 174 
61 82 154 
61 83 926 
61 84 997 
61 85 820 
61 86 682 
61 87 845 
61 88 592 
61 89 576 
61 90 291 
61 91 365 
61 92 258 
61 93 668 
61 94 348 
61 95 827 
61 96 321 
61 97 556 
61 98 305 
61 99 406 
61 100 474 
62 63 957 
62 64 119 
62 65 191 
62 66 578 
62 67 318 
62 68 635 
62 69 907 
62 70 218 
62 71 206 
62 72 347 
62 73 514 
62 74 532 
62 75 728 
62 76 162 
62 77 513 
62 78 943 
62 79 946 
62 80 402 
62 81 597 
62 82 553 
62 83 229 
62 84 376 
62 85 808 
62 86 304 
62 87 774 
62 88 968 
62 89 878 
62 90 111 
62 91 513 
62 92 379 
62 93 619 
62 94 532 
62 95 598 
62 96 423 
62 97 582 
62 98 585 
62 99 418 
62 100 381 
63 64 224 
63 65 765 
63 66 850 
63 67 756 
63 68 487 
63 69 475 
63 70 855 
63 71 735 
63 72 980 
63 73 781 
63 74 891 
63 75 525 
63 76 304 
63 77 302 
63 78 384 
63 79 958 
63 80 127 
63 81 195 
63 82 379 
63 83 675 
63 84 936 
63 85 537 
63 86 770 
63 87 610 
63 88 423 
63 89 716 
63 90 195 
63 91 549 
63 92 299 
63 93 988 
63 94 834 
63 95 638 
63 96 237 
63 97 463 
63 98 716 
63 99 371 
63 100 332 
64 65 815 
64 66 212 
64 67 837 
64 68 578 
64 69 652 
64 70 939 
64 71 552 
64 72 214 
64 73 964 
64 74 308 
64 75 773 
64 76 584 
64 77 870 
64 78 538 
64 79 350 
64 80 114 
64 81 845 
64 82 424 
64 83 780 
64 84 247 
64 85 719 
64 86 257 
64 87 474 
64 88 455 
64 89 911 
64 90 149 
64 91 272 
64 92 734 
64 93 492 
64 94 154 
64 95 347 
64 96 391 
64 97 533 
64 98 246 
64 99 343 
64 100 859 
65 66 937 
65 67 209 
65 68 773 
65 69 764 
65 70 308 
65 71 406 
65 72 762 
65 73 625 
65 74 269 
65 75 896 
65 76 934 
65 77 544 
65 78 805 
65 79 276 
65 80 853 
65 81 588 
65 82 717 
65 83 615 
65 84 555 
65 85 21 
65 86 490 
65 87 893 
65 88 754 
65 89 112 
65 90 681 
65 91 168 
65 92 612 
65 93 681 
65 94 383 
65 95 430 
65 96 144 
65 97 438 
65 98 858 
65 99 636 
65 100 699 
66 67 238 
66 68 318 
66 69 995 
66 70 445 
66 71 40 
66 72 993 
66 73 302 
66 74 460 
66 75 985 
66 76 755 
66 77 909 
66 78 629 
66 79 570 
66 80 731 
66 81 714 
66 82 157 
66 83 984 
66 84 724 
66 85 924 
66 86 295 
66 87 276 
66 88 517 
66 89 892 
66 90 423 
66 91 921 
66 92 702 
66 93 379 
66 94 290 
66 95 397 
66 96 385 
66 97 243 
66 98 207 
66 99 166 
66 100 727 
67 68 501 
67 69 140 
67 70 522 
67 71 499 
67 72 949 
67 73 188 
67 74 548 
67 75 868 
67 76 567 
67 77 730 
67 78 587 
67 79 654 
67 80 450 
67 81 665 
67 82 401 
67 83 725 
67 84 526 
67 85 863 
67 86 474 
67 87 328 
67 88 793 
67 89 488 
67 90 682 
67 91 848 
67 92 157 
67 93 425 
67 94 450 
67 95 192 
67 96 855 
67 97 346 
67 98 542 
67 99 519 
67 100 134 
68 69 317 
68 70 661 
68 71 355 
68 72 246 
68 73 381 
68 74 589 
68 75 367 
68 76 764 
68 77 667 
68 78 342 
68 79 234 
68 80 254 
68 81 227 
68 82 457 
68 83 686 
68 84 273 
68 85 579 
68 86 851 
68 87 669 
68 88 526 
68 89 480 
68 90 764 
68 91 887 
68 92 247 
68 93 372 
68 94 889 
68 95 289 
68 96 636 
68 97 369 
68 98 410 
68 99 944 
68 100 173 
69 70 902 
69 71 571 
69 72 925 
69 73 877 
69 74 752 
69 75 782 
69 76 583 
69 77 994 
69 78 766 
69 79 426 
69 80 883 
69 81 572 
69 82 546 
69 83 608 
69 84 309 
69 85 124 
69 86 213 
69 87 916 
69 88 820 
69 89 138 
69 90 595 
69 91 460 
69 92 806 
69 93 887 
69 94 921 
69 95 367 
69 96 233 
69 97 430 
69 98 159 
69 99 665 
69 100 720 
70 71 41 
70 72 70 
70 73 73 
70 74 94 
70 75 38 
70 76 40 
70 77 42 
70 78 62 
70 79 2 
70 80 98 
70 81 29 
70 82 66 
70 83 45 
70 84 4 
70 85 788 
70 86 581 
70 87 129 
70 88 162 
70 89 93 
70 90 577 
70 91 199 
70 92 126 
70 93 161 
70 94 779 
70 95 177 
70 96 222 
70 97 143 
70 98 704 
70 99 572 
70 100 601 
71 72 726 
71 73 224 
71 74 897 
71 75 268 
71 76 240 
71 77 799 
71 78 379 
71 79 248 
71 80 814 
71 81 559 
71 82 392 
71 83 618 
71 84 733 
71 85 261 
71 86 891 
71 87 713 
71 88 726 
71 89 562 
71 90 991 
71 91 192 
71 92 490 
71 93 712 
71 94 454 
71 95 818 
71 96 711 
71 97 235 
71 98 354 
71 99 255 
71 100 592 
72 73 828 
72 74 709 
72 75 149 
72 76 783 
72 77 261 
72 78 970 
72 79 130 
72 80 592 
72 81 832 
72 82 428 
72 83 572 
72 84 448 
72 85 446 
72 86 946 
72 87 551 
72 88 734 
72 89 704 
72 90 580 
72 91 495 
72 92 121 
72 93 452 
72 94 406 
72 95 247 
72 96 138 
72 97 529 
72 98 330 
72 99 901 
72 100 426 
73 74 395 
73 75 362 
73 76 328 
73 77 944 
73 78 866 
73 79 308 
73 80 147 
73 81 842 
73 82 679 
73 83 749 
73 84 520 
73 85 724 
73 86 974 
73 87 365 
73 88 709 
73 89 762 
73 90 221 
73 91 653 
73 92 378 
73 93 820 
73 94 623 
73 95 314 
73 96 889 
73 97 791 
73 98 712 
73 99 136 
73 100 519 
74 75 515 
74 76 233 
74 77 257 
74 78 888 
74 79 630 
74 80 947 
74 81 677 
74 82 333 
74 83 655 
74 84 727 
74 85 252 
74 86 970 
74 87 187 
74 88 169 
74 89 994 
74 90 817 
74 91 229 
74 92 173 
74 93 212 
74 94 875 
74 95 276 
74 96 634 
74 97 133 
74 98 561 
74 99 25 
74 100 213 
75 76 488 
75 77 693 
75 78 716 
75 79 715 
75 80 979 
75 81 150 
75 82 187 
75 83 129 
75 84 586 
75 85 177 
75 86 859 
75 87 196 
75 88 876 
75 89 441 
75 90 575 
75 91 658 
75 92 957 
75 93 856 
75 94 535 
75 95 346 
75 96 58 
75 97 851 
75 98 885 
75 99 406 
75 100 742 
76 77 111 
76 78 721 
76 79 445 
76 80 482 
76 81 686 
76 82 203 
76 83 844 
76 84 663 
76 85 512 
76 86 778 
76 87 222 
76 88 440 
76 89 351 
76 90 295 
76 91 299 
76 92 341 
76 93 472 
76 94 597 
76 95 536 
76 96 647 
76 97 651 
76 98 611 
76 99 638 
76 100 850 
77 78 145 
77 79 574 
77 80 365 
77 81 319 
77 82 258 
77 83 530 
77 84 866 
77 85 517 
77 86 761 
77 87 939 
77 88 216 
77 89 182 
77 90 537 
77 91 343 
77 92 164 
77 93 784 
77 94 899 
77 95 353 
77 96 430 
77 97 732 
77 98 138 
77 99 777 
77 100 36 
78 79 860 
78 80 586 
78 81 546 
78 82 320 
78 83 416 
78 84 973 
78 85 610 
78 86 566 
78 87 920 
78 88 501 
78 89 508 
78 90 930 
78 91 819 
78 92 130 
78 93 805 
78 94 804 
78 95 626 
78 96 171 
78 97 142 
78 98 803 
78 99 386 
78 100 254 
79 80 699 
79 81 233 
79 82 869 
79 83 256 
79 84 137 
79 85 336 
79 86 629 
79 87 959 
79 88 626 
79 89 630 
79 90 830 
79 91 724 
79 92 316 
79 93 656 
79 94 155 
79 95 869 
79 96 953 
79 97 286 
79 98 376 
79 99 999 
79 100 208 
80 81 450 
80 82 118 
80 83 674 
80 84 649 
80 85 676 
80 86 471 
80 87 583 
80 88 626 
80 89 891 
80 90 799 
80 91 828 
80 92 174 
80 93 320 
80 94 539 
80 95 7 
80 96 640 
80 97 184 
80 98 588 
80 99 320 
80 100 708 
81 82 349 
81 83 703 
81 84 308 
81 85 304 
81 86 897 
81 87 485 
81 88 186 
81 89 414 
81 90 132 
81 91 845 
81 92 389 
81 93 272 
81 94 627 
81 95 736 
81 96 982 
81 97 232 
81 98 483 
81 99 368 
81 100 706 
82 83 869 
82 84 126 
82 85 165 
82 86 452 
82 87 718 
82 88 14 
82 89 986 
82 90 359 
82 91 563 
82 92 277 
82 93 474 
82 94 725 
82 95 668 
82 96 192 
82 97 215 
82 98 994 
82 99 696 
82 100 679 
83 84 799 
83 85 707 
83 86 746 
83 87 472 
83 88 425 
83 89 519 
83 90 737 
83 91 151 
83 92 386 
83 93 228 
83 94 354 
83 95 705 
83 96 701 
83 97 382 
83 98 917 
83 99 890 
83 100 586 
84 85 332 
84 86 903 
84 87 330 
84 88 250 
84 89 872 
84 90 397 
84 91 278 
84 92 351 
84 93 524 
84 94 35 
84 95 380 
84 96 490 
84 97 997 
84 98 325 
84 99 896 
84 100 949 
85 86 869 
85 87 602 
85 88 584 
85 89 184 
85 90 177 
85 91 862 
85 92 718 
85 93 460 
85 94 116 
85 95 604 
85 96 321 
85 97 815 
85 98 676 
85 99 692 
85 100 293 
86 87 203 
86 88 378 
86 89 832 
86 90 357 
86 91 535 
86 92 452 
86 93 315 
86 94 234 
86 95 153 
86 96 113 
86 97 889 
86 98 879 
86 99 475 
86 100 991 
87 88 712 
87 89 628 
87 90 235 
87 91 969 
87 92 985 
87 93 761 
87 94 127 
87 95 510 
87 96 228 
87 97 203 
87 98 799 
87 99 595 
87 100 220 
88 89 188 
88 90 960 
88 91 699 
88 92 421 
88 93 457 
88 94 566 
88 95 450 
88 96 779 
88 97 791 
88 98 966 
88 99 947 
88 100 176 
89 90 353 
89 91 561 
89 92 939 
89 93 298 
89 94 239 
89 95 453 
89 96 378 
89 97 730 
89 98 343 
89 99 425 
89 100 625 
90 91 563 
90 92 445 
90 93 935 
90 94 390 
90 95 405 
90 96 932 
90 97 865 
90 98 244 
90 99 340 
90 100 924 
91 92 139 
91 93 762 
91 94 183 
91 95 128 
91 96 923 
91 97 686 
91 98 417 
91 99 506 
91 100 912 
92 93 552 
92 94 768 
92 95 152 
92 96 402 
92 97 353 
92 98 460 
92 99 143 
92 100 950 
93 94 905 
93 95 366 
93 96 505 
93 97 188 
93 98 807 
93 99 712 
93 100 795 
94 95 630 
94 96 833 
94 97 391 
94 98 528 
94 99 213 
94 100 869 
95 96 450 
95 97 312 
95 98 405 
95 99 726 
95 100 634 
96 97 863 
96 98 235 
96 99 876 
96 100 879 
97 98 685 
97 99 123 
97 100 137 
98 99 497 
98 100 898 
99 100 935 
